HOLE:	M0065A		
EXPEDITION:	347		
TOP:	14.825		
BOTTOM:	40.9		
DEPTH_WSF 	RILD       	RILM       	VEC0       
m	ohmm	ohmm	ohmm
14.825	7.4125	25.5754	0.9611
14.85	5.6071	7.1991	1.0349
14.875	4.1065	3.6094	1.1397
14.9	2.9348	2.1291	1.3058
14.925	2.3482	1.5731	1.5143
14.95	1.9999	1.2799	1.7746
14.975	1.8045	1.1142	2.0294
15	1.7554	1.0255	2.0916
15.025	1.8345	1.0301	1.9449
15.05	1.9245	1.047	1.7629
15.075	2.0022	1.1058	1.5995
15.1	2.0876	1.1945	1.4785
15.125	2.1097	1.321	1.434
15.15	2.1337	1.4609	1.4148
15.175	2.1475	1.5903	1.4118
15.2	2.1813	1.6453	1.4127
15.225	2.1819	1.654	1.4241
15.25	2.173	1.6236	1.4353
15.275	2.1599	1.5744	1.4437
15.3	2.1452	1.532	1.4523
15.325	2.1386	1.5053	1.457
15.35	2.1409	1.4888	1.4608
15.375	2.1501	1.4749	1.4597
15.4	2.1792	1.4559	1.4488
15.425	2.1855	1.4513	1.4498
15.45	2.1773	1.4591	1.4615
15.475	2.1186	1.4935	1.5005
15.5	2.0464	1.5443	1.5563
15.525	1.954	1.6206	1.6389
15.55	1.8812	1.6955	1.7207
15.575	1.8262	1.7636	1.795
15.6	1.8071	1.7963	1.8304
15.625	1.7987	1.8161	1.8531
15.65	1.8006	1.8221	1.8591
15.675	1.809	1.8203	1.8573
15.7	1.8165	1.8191	1.8549
15.725	1.823	1.818	1.8529
15.75	1.8289	1.8177	1.8512
15.775	1.8326	1.8181	1.8517
15.8	1.8362	1.8199	1.8519
15.825	1.8382	1.8204	1.8516
15.85	1.8401	1.8225	1.8536
15.875	1.8432	1.824	1.8541
15.9	1.8466	1.8252	1.8546
15.925	1.849	1.8265	1.8566
15.95	1.8511	1.8279	1.8591
15.975	1.8554	1.8308	1.862
16	1.8593	1.8355	1.8665
16.025	1.8627	1.8396	1.8702
16.05	1.8668	1.8423	1.8714
16.075	1.8696	1.8447	1.8746
16.1	1.8716	1.8463	1.8763
16.125	1.8728	1.8468	1.8772
16.15	1.8761	1.8493	1.8787
16.175	1.878	1.8516	1.8812
16.2	1.8829	1.8555	1.8836
16.225	1.8889	1.8604	1.8885
16.25	1.8936	1.8657	1.8949
16.275	1.8952	1.868	1.8969
16.3	1.8983	1.8717	1.8993
16.325	1.9013	1.8756	1.9021
16.35	1.9027	1.8773	1.9032
16.375	1.9052	1.8794	1.9056
16.4	1.9093	1.8835	1.9115
16.425	1.9126	1.8869	1.9168
16.45	1.916	1.8906	1.9203
16.475	1.919	1.8943	1.9247
16.5	1.9235	1.8988	1.9272
16.525	1.9274	1.9022	1.9293
16.55	1.9308	1.9055	1.9311
16.575	1.9326	1.9061	1.9323
16.6	1.9342	1.9072	1.9311
16.625	1.9334	1.9064	1.9296
16.65	1.932	1.9041	1.9274
16.675	1.9315	1.9016	1.9248
16.7	1.9338	1.9036	1.9267
16.725	1.9368	1.9059	1.9304
16.75	1.9393	1.9069	1.9309
16.775	1.9424	1.9094	1.9324
16.8	1.9457	1.9121	1.9346
16.825	1.9478	1.9131	1.9356
16.85	1.9507	1.9152	1.9366
16.875	1.9538	1.9166	1.938
16.9	1.9568	1.9183	1.9392
16.925	1.961	1.9212	1.9409
16.95	1.9654	1.9223	1.9415
16.975	1.9712	1.9248	1.9426
17	1.978	1.9292	1.9459
17.025	1.9833	1.9328	1.9499
17.05	1.9881	1.9354	1.9514
17.075	1.9921	1.9396	1.9536
17.1	1.9945	1.9408	1.9541
17.125	1.9966	1.9429	1.9551
17.15	2.0025	1.9485	1.9569
17.175	2.0085	1.9548	1.9633
17.2	2.0154	1.9623	1.9687
17.225	2.0236	1.9713	1.9762
17.25	2.0309	1.9799	1.9847
17.275	2.0362	1.9856	1.9909
17.3	2.0417	1.9918	1.9961
17.325	2.048	1.9983	2.0041
17.35	2.0519	2.0039	2.0116
17.375	2.0569	2.0095	2.0173
17.4	2.0629	2.0154	2.0242
17.425	2.0689	2.0213	2.0321
17.45	2.0745	2.0282	2.0397
17.475	2.0795	2.0335	2.0454
17.5	2.0864	2.0406	2.0511
17.525	2.0924	2.0468	2.0559
17.55	2.1003	2.054	2.0599
17.575	2.1053	2.058	2.0625
17.6	2.1116	2.0643	2.0666
17.625	2.1146	2.0666	2.0678
17.65	2.1185	2.0704	2.0717
17.675	2.1199	2.0719	2.0729
17.7	2.1234	2.0749	2.0749
17.725	2.1246	2.0743	2.0745
17.75	2.1256	2.0765	2.0783
17.775	2.1298	2.0801	2.0817
17.8	2.1327	2.0845	2.0857
17.825	2.1338	2.0853	2.0854
17.85	2.1354	2.0862	2.0841
17.875	2.1381	2.0868	2.084
17.9	2.1364	2.0835	2.0802
17.925	2.1369	2.0825	2.0784
17.95	2.1382	2.0822	2.0778
17.975	2.1389	2.0831	2.0785
18	2.139	2.0833	2.079
18.025	2.1392	2.0837	2.0798
18.05	2.138	2.0822	2.0807
18.075	2.1369	2.0831	2.0831
18.1	2.1386	2.0865	2.0874
18.125	2.1424	2.0921	2.0922
18.15	2.1457	2.0987	2.0993
18.175	2.1507	2.1052	2.1061
18.2	2.1588	2.1131	2.1148
18.225	2.1664	2.1207	2.1227
18.25	2.1758	2.1282	2.1286
18.275	2.186	2.1369	2.1362
18.3	2.1963	2.1457	2.1429
18.325	2.2063	2.1553	2.1513
18.35	2.2179	2.167	2.1643
18.375	2.2265	2.1777	2.1774
18.4	2.2352	2.1885	2.1902
18.425	2.2442	2.1985	2.202
18.45	2.2519	2.2065	2.2122
18.475	2.2607	2.216	2.2225
18.5	2.2713	2.2264	2.2335
18.525	2.2811	2.2373	2.2436
18.55	2.2902	2.2496	2.2558
18.575	2.2997	2.2616	2.2667
18.6	2.3093	2.2706	2.2748
18.625	2.3165	2.278	2.2809
18.65	2.3281	2.289	2.2887
18.675	2.3391	2.2999	2.2985
18.7	2.3497	2.3109	2.3082
18.725	2.3607	2.321	2.3174
18.75	2.3725	2.3322	2.3286
18.775	2.3832	2.3417	2.3386
18.8	2.3968	2.3542	2.3504
18.825	2.4093	2.3665	2.3615
18.85	2.4207	2.3801	2.3755
18.875	2.4344	2.394	2.3883
18.9	2.4462	2.4037	2.3985
18.925	2.4569	2.4115	2.4047
18.95	2.4688	2.4201	2.4128
18.975	2.4807	2.4291	2.4215
19	2.4944	2.4392	2.4322
19.025	2.5079	2.4499	2.441
19.05	2.5218	2.4607	2.4506
19.075	2.5352	2.471	2.4586
19.1	2.5477	2.4783	2.4631
19.125	2.559	2.4862	2.4679
19.15	2.571	2.4955	2.4752
19.175	2.581	2.5025	2.4787
19.2	2.5901	2.5078	2.4824
19.225	2.597	2.5122	2.484
19.25	2.6024	2.5167	2.4892
19.275	2.6095	2.5224	2.4958
19.3	2.6145	2.5277	2.5024
19.325	2.6218	2.5336	2.5078
19.35	2.6295	2.5415	2.5135
19.375	2.6373	2.5496	2.5183
19.4	2.6447	2.5578	2.525
19.425	2.6536	2.5661	2.5317
19.45	2.6587	2.5727	2.5378
19.475	2.6649	2.5793	2.5427
19.5	2.6689	2.5819	2.5442
19.525	2.6749	2.5872	2.5458
19.55	2.6814	2.5944	2.5514
19.575	2.6897	2.6055	2.5617
19.6	2.695	2.6142	2.5709
19.625	2.6997	2.6211	2.5773
19.65	2.7013	2.6247	2.5816
19.675	2.7024	2.6275	2.5861
19.7	2.7052	2.6322	2.5931
19.725	2.7144	2.642	2.6031
19.75	2.7259	2.6555	2.6164
19.775	2.7344	2.6668	2.6267
19.8	2.7417	2.6759	2.6347
19.825	2.7482	2.6835	2.6384
19.85	2.75	2.6893	2.6429
19.875	2.7499	2.6936	2.6464
19.9	2.7498	2.697	2.6507
19.925	2.7514	2.7001	2.6526
19.95	2.7502	2.7014	2.6548
19.975	2.7461	2.7	2.6561
20	2.7445	2.7006	2.6591
20.025	2.7438	2.7023	2.6598
20.05	2.7372	2.6993	2.6583
20.075	2.7316	2.6958	2.6556
20.1	2.7277	2.6932	2.6522
20.125	2.7194	2.6869	2.6458
20.15	2.7092	2.6795	2.6389
20.175	2.7012	2.6732	2.6314
20.2	2.6931	2.6654	2.6222
20.225	2.6859	2.656	2.6116
20.25	2.6787	2.6485	2.6019
20.275	2.6711	2.641	2.5945
20.3	2.668	2.6378	2.5914
20.325	2.6644	2.6351	2.5874
20.35	2.6631	2.6333	2.5835
20.375	2.6585	2.6276	2.5774
20.4	2.6557	2.6242	2.5725
20.425	2.6507	2.6174	2.5663
20.45	2.6458	2.6135	2.565
20.475	2.6407	2.6128	2.5661
20.5	2.6382	2.6122	2.5659
20.525	2.6373	2.61	2.5652
20.55	2.6359	2.6095	2.5652
20.575	2.638	2.609	2.5655
20.6	2.6377	2.6053	2.5637
20.625	2.639	2.6068	2.5646
20.65	2.6394	2.606	2.5612
20.675	2.6401	2.6045	2.561
20.7	2.6387	2.6012	2.5569
20.725	2.6396	2.6006	2.5566
20.75	2.6442	2.6035	2.5609
20.775	2.6498	2.6097	2.5689
20.8	2.6575	2.6198	2.5769
20.825	2.6678	2.6296	2.5857
20.85	2.6791	2.641	2.5969
20.875	2.6912	2.6507	2.6069
20.9	2.7033	2.6597	2.6167
20.925	2.7174	2.671	2.6263
20.95	2.7292	2.6824	2.6354
20.975	2.7446	2.693	2.6416
21	2.7606	2.7049	2.6478
21.025	2.7776	2.722	2.659
21.05	2.7908	2.7322	2.6657
21.075	2.8052	2.7412	2.6706
21.1	2.8153	2.751	2.6761
21.125	2.8238	2.7594	2.6817
21.15	2.8319	2.7652	2.687
21.175	2.8466	2.7773	2.6964
21.2	2.8564	2.7883	2.7089
21.225	2.8674	2.7984	2.7188
21.25	2.8774	2.8071	2.7293
21.275	2.8894	2.8156	2.7363
21.3	2.8984	2.8222	2.7423
21.325	2.9164	2.8389	2.7551
21.35	2.9334	2.8552	2.7703
21.375	2.954	2.8707	2.7822
21.4	2.9722	2.8854	2.7948
21.425	2.9866	2.8994	2.8077
21.45	2.9982	2.9082	2.8173
21.475	3.0186	2.9219	2.8264
21.5	3.0319	2.9337	2.8375
21.525	3.0497	2.9527	2.8556
21.55	3.0676	2.9678	2.8685
21.575	3.0832	2.98	2.8772
21.6	3.0892	2.9861	2.8875
21.625	3.1006	2.9969	2.8984
21.65	3.1109	3.0049	2.9092
21.675	3.1216	3.0122	2.9195
21.7	3.1321	3.0199	2.9275
21.725	3.1415	3.0284	2.9345
21.75	3.1442	3.0273	2.9367
21.775	3.1496	3.0253	2.9304
21.8	3.1577	3.0275	2.9284
21.825	3.1623	3.0288	2.9299
21.85	3.1614	3.0229	2.9251
21.875	3.1661	3.0225	2.9208
21.9	3.1653	3.0178	2.9184
21.925	3.1582	3.0122	2.9143
21.95	3.1558	3.0059	2.9073
21.975	3.1578	3.0022	2.9022
22	3.161	3.0029	2.9015
22.025	3.1622	3.0036	2.8993
22.05	3.1686	3.0057	2.9023
22.075	3.1722	3.0055	2.9003
22.1	3.1784	3.0101	2.8968
22.125	3.1852	3.0121	2.8966
22.15	3.1925	3.0128	2.8989
22.175	3.2	3.014	2.8949
22.2	3.2151	3.0217	2.8969
22.225	3.2225	3.0279	2.904
22.25	3.229	3.0327	2.9062
22.275	3.2362	3.0391	2.9072
22.3	3.2475	3.0497	2.9146
22.325	3.2486	3.0565	2.9206
22.35	3.258	3.0655	2.9244
22.375	3.2704	3.0786	2.9306
22.4	3.2824	3.0974	2.9377
22.425	3.2898	3.1116	2.948
22.45	3.2971	3.1256	2.9604
22.475	3.308	3.1436	2.9736
22.5	3.3204	3.163	2.9875
22.525	3.329	3.1796	3.0058
22.55	3.3331	3.1937	3.0176
22.575	3.3469	3.2207	3.0402
22.6	3.358	3.2443	3.0626
22.625	3.3595	3.2628	3.0869
22.65	3.3649	3.2809	3.1072
22.675	3.3731	3.2989	3.1254
22.7	3.3792	3.3135	3.1386
22.725	3.3824	3.3301	3.1596
22.75	3.3864	3.3413	3.1726
22.775	3.3919	3.3533	3.1823
22.8	3.3953	3.3619	3.1884
22.825	3.386	3.3562	3.1878
22.85	3.3754	3.3439	3.178
22.875	3.3653	3.3339	3.1666
22.9	3.3564	3.3271	3.1593
22.925	3.3435	3.3181	3.1531
22.95	3.3372	3.3118	3.1451
22.975	3.3307	3.306	3.1435
23	3.3204	3.2962	3.1387
23.025	3.3058	3.2807	3.1319
23.05	3.2965	3.2679	3.1252
23.075	3.2925	3.2584	3.117
23.1	3.2873	3.2468	3.1001
23.125	3.2806	3.2344	3.0897
23.15	3.2771	3.2192	3.0722
23.175	3.2779	3.2113	3.0617
23.2	3.2675	3.1969	3.0445
23.225	3.2561	3.1834	3.0298
23.25	3.2519	3.175	3.0125
23.275	3.2413	3.1637	3.0004
23.3	3.2294	3.1525	2.9922
23.325	3.2206	3.1432	2.989
23.35	3.2138	3.1349	2.9859
23.375	3.2049	3.1311	2.9874
23.4	3.2026	3.1333	2.9896
23.425	3.2032	3.1372	2.9948
23.45	3.2091	3.1465	3.0051
23.475	3.2244	3.164	3.0196
23.5	3.242	3.1791	3.0341
23.525	3.2627	3.1998	3.0527
23.55	3.2907	3.2256	3.0692
23.575	3.3249	3.2584	3.0959
23.6	3.353	3.287	3.1224
23.625	3.3871	3.3244	3.1573
23.65	3.4195	3.3536	3.1871
23.675	3.4394	3.3724	3.2103
23.7	3.4651	3.3958	3.2368
23.725	3.488	3.4174	3.2622
23.75	3.5117	3.4397	3.287
23.775	3.5325	3.4617	3.3083
23.8	3.5555	3.4845	3.331
23.825	3.5681	3.4973	3.3413
23.85	3.5838	3.5108	3.3487
23.875	3.5984	3.5211	3.3517
23.9	3.6158	3.537	3.3601
23.925	3.6364	3.5524	3.3665
23.95	3.6534	3.5621	3.3702
23.975	3.6708	3.5711	3.3757
24	3.6755	3.5655	3.3709
24.025	3.6775	3.5582	3.3703
24.05	3.681	3.5522	3.3662
24.075	3.6902	3.5497	3.3641
24.1	3.6999	3.5506	3.3642
24.125	3.7065	3.5526	3.3662
24.15	3.7139	3.5529	3.3655
24.175	3.7188	3.5516	3.3645
24.2	3.7175	3.5489	3.3601
24.225	3.7226	3.5468	3.3563
24.25	3.7386	3.5525	3.3562
24.275	3.7552	3.5629	3.3576
24.3	3.7685	3.5686	3.3604
24.325	3.7801	3.5726	3.3668
24.35	3.7839	3.5705	3.3711
24.375	3.7898	3.5672	3.3721
24.4	3.7971	3.5646	3.3737
24.425	3.8022	3.5691	3.3813
24.45	3.8135	3.5753	3.392
24.475	3.8332	3.5894	3.4052
24.5	3.8475	3.6054	3.4261
24.525	3.8585	3.6207	3.4462
24.55	3.8705	3.6295	3.4593
24.575	3.8833	3.6427	3.4724
24.6	3.8912	3.6534	3.4832
24.625	3.9029	3.666	3.4965
24.65	3.914	3.6756	3.5083
24.675	3.9256	3.6894	3.5211
24.7	3.9323	3.6992	3.5313
24.725	3.9319	3.7048	3.5435
24.75	3.9324	3.7124	3.5559
24.775	3.9448	3.7271	3.5675
24.8	3.9593	3.7468	3.5859
24.825	3.9668	3.7635	3.601
24.85	3.9785	3.7789	3.6144
24.875	3.9923	3.794	3.6256
24.9	4.0005	3.8065	3.6382
24.925	4.0045	3.8098	3.6477
24.95	4.0124	3.8152	3.6536
24.975	4.02	3.8198	3.6532
25	4.0196	3.8187	3.6519
25.025	4.013	3.8093	3.6489
25.05	4.0197	3.8131	3.6504
25.075	4.0313	3.8194	3.6533
25.1	4.0367	3.824	3.6575
25.125	4.0444	3.8274	3.658
25.15	4.0492	3.831	3.6625
25.175	4.0577	3.8369	3.6645
25.2	4.0626	3.8391	3.6641
25.225	4.0672	3.8405	3.6672
25.25	4.0723	3.8407	3.6652
25.275	4.0899	3.8493	3.6637
25.3	4.095	3.8512	3.6646
25.325	4.0929	3.8451	3.6612
25.35	4.0982	3.846	3.6559
25.375	4.1036	3.852	3.6554
25.4	4.1003	3.8517	3.6548
25.425	4.098	3.8498	3.6518
25.45	4.1111	3.8645	3.6658
25.475	4.1159	3.875	3.6739
25.5	4.125	3.8857	3.6847
25.525	4.1278	3.8895	3.6915
25.55	4.1277	3.8918	3.6977
25.575	4.134	3.899	3.7032
25.6	4.1403	3.9054	3.7106
25.625	4.1388	3.9052	3.7094
25.65	4.1469	3.9188	3.7143
25.675	4.163	3.9377	3.7228
25.7	4.1566	3.9365	3.724
25.725	4.1615	3.9511	3.7397
25.75	4.1639	3.9629	3.753
25.775	4.1625	3.9692	3.7606
25.8	4.1578	3.9761	3.7681
25.825	4.1618	3.9918	3.7783
25.85	4.1623	3.9975	3.7827
25.875	4.18	4.022	3.8025
25.9	4.198	4.0484	3.8277
25.925	4.2091	4.0643	3.8479
25.95	4.2209	4.0824	3.8676
25.975	4.237	4.1031	3.8874
26	4.242	4.1114	3.9021
26.025	4.2487	4.1216	3.9099
26.05	4.2456	4.124	3.9089
26.075	4.2454	4.1248	3.9105
26.1	4.2427	4.1278	3.9145
26.125	4.2283	4.1261	3.9169
26.15	4.2167	4.1188	3.917
26.175	4.2077	4.1129	3.9121
26.2	4.191	4.1017	3.906
26.225	4.1731	4.083	3.892
26.25	4.1667	4.0744	3.883
26.275	4.1578	4.0669	3.8726
26.3	4.1529	4.0621	3.869
26.325	4.1579	4.0656	3.8685
26.35	4.1582	4.0678	3.8728
26.375	4.156	4.0653	3.8756
26.4	4.1487	4.0542	3.8698
26.425	4.1479	4.0514	3.8681
26.45	4.1491	4.0477	3.8624
26.475	4.1549	4.0493	3.858
26.5	4.1684	4.0531	3.8538
26.525	4.184	4.068	3.8697
26.55	4.1952	4.0795	3.8816
26.575	4.2052	4.0869	3.8889
26.6	4.2167	4.096	3.9015
26.625	4.2325	4.1113	3.9144
26.65	4.2431	4.1246	3.9231
26.675	4.2674	4.1494	3.9452
26.7	4.2864	4.169	3.9599
26.725	4.3062	4.1919	3.9711
26.75	4.3247	4.2133	3.9904
26.775	4.3551	4.2443	4.0178
26.8	4.3813	4.2718	4.036
26.825	4.3959	4.2982	4.0683
26.85	4.4152	4.3238	4.0977
26.875	4.4281	4.3443	4.119
26.9	4.4556	4.3731	4.1439
26.925	4.4745	4.3978	4.1727
26.95	4.5079	4.4428	4.2153
26.975	4.5412	4.4836	4.2572
27	4.5792	4.5318	4.3054
27.025	4.6147	4.5802	4.3491
27.05	4.6505	4.624	4.3927
27.075	4.6894	4.6608	4.4201
27.1	4.7251	4.699	4.4425
27.125	4.7591	4.733	4.471
27.15	4.7762	4.7522	4.4928
27.175	4.8073	4.7835	4.5108
27.2	4.8359	4.8094	4.5248
27.225	4.8553	4.8302	4.5475
27.25	4.8662	4.8428	4.5522
27.275	4.8881	4.8664	4.5688
27.3	4.8986	4.8811	4.5855
27.325	4.9057	4.9003	4.6053
27.35	4.9078	4.9076	4.6123
27.375	4.906	4.9083	4.6178
27.4	4.9005	4.9061	4.6222
27.425	4.8855	4.896	4.6227
27.45	4.872	4.8836	4.6235
27.475	4.8645	4.8745	4.6173
27.5	4.8579	4.8631	4.6047
27.525	4.8458	4.8449	4.5967
27.55	4.8388	4.8329	4.5977
27.575	4.8294	4.8126	4.5883
27.6	4.8296	4.8052	4.5955
27.625	4.82	4.7953	4.5941
27.65	4.8049	4.7746	4.575
27.675	4.7952	4.7594	4.5568
27.7	4.7892	4.7496	4.5527
27.725	4.7846	4.7504	4.5606
27.75	4.7848	4.7459	4.5641
27.775	4.7929	4.7458	4.5639
27.8	4.8006	4.7493	4.5676
27.825	4.8115	4.7504	4.5662
27.85	4.8207	4.7519	4.5703
27.875	4.852	4.7741	4.5885
27.9	4.8703	4.789	4.596
27.925	4.8841	4.8008	4.6042
27.95	4.896	4.8152	4.6203
27.975	4.906	4.8178	4.6165
28	4.9097	4.8275	4.6346
28.025	4.9143	4.8404	4.6578
28.05	4.9266	4.8555	4.6773
28.075	4.9306	4.8583	4.6777
28.1	4.9222	4.8598	4.6846
28.125	4.9051	4.845	4.6755
28.15	4.8973	4.835	4.6699
28.175	4.9057	4.8403	4.6693
28.2	4.9075	4.8586	4.6836
28.225	4.9192	4.8718	4.6889
28.25	4.9306	4.8959	4.7064
28.275	4.9486	4.9213	4.7212
28.3	4.9587	4.9426	4.7437
28.325	4.9762	4.9643	4.7661
28.35	4.9968	4.9966	4.7983
28.375	5.0392	5.0442	4.8401
28.4	5.0913	5.109	4.9071
28.425	5.1332	5.1607	4.9653
28.45	5.1893	5.2201	5.0296
28.475	5.2385	5.2584	5.0639
28.5	5.2686	5.291	5.0972
28.525	5.2948	5.3099	5.122
28.55	5.3173	5.3296	5.1381
28.575	5.3376	5.3532	5.153
28.6	5.3474	5.3767	5.1766
28.625	5.3607	5.3884	5.184
28.65	5.3717	5.401	5.1952
28.675	5.3757	5.3964	5.198
28.7	5.3671	5.392	5.203
28.725	5.3698	5.3933	5.2161
28.75	5.3566	5.3801	5.2194
28.775	5.3406	5.3658	5.2164
28.8	5.3213	5.3519	5.2125
28.825	5.3008	5.3268	5.199
28.85	5.2862	5.3084	5.1795
28.875	5.2923	5.3052	5.1656
28.9	5.2848	5.2949	5.1442
28.925	5.2814	5.2953	5.133
28.95	5.2984	5.302	5.1338
28.975	5.3057	5.2975	5.1313
29	5.3025	5.3004	5.1355
29.025	5.3011	5.2914	5.1255
29.05	5.3099	5.2829	5.1136
29.075	5.3088	5.2762	5.094
29.1	5.3223	5.2965	5.1062
29.125	5.3358	5.299	5.1062
29.15	5.3385	5.3026	5.1116
29.175	5.3333	5.2938	5.1016
29.2	5.3268	5.2893	5.1039
29.225	5.3094	5.2751	5.0967
29.25	5.2947	5.2639	5.0896
29.275	5.2831	5.2545	5.0776
29.3	5.2798	5.2605	5.0886
29.325	5.2609	5.2523	5.0913
29.35	5.2555	5.2536	5.0969
29.375	5.2459	5.2494	5.09
29.4	5.2427	5.2562	5.1049
29.425	5.2381	5.2571	5.1125
29.45	5.2609	5.2796	5.1357
29.475	5.2655	5.29	5.146
29.5	5.2622	5.3048	5.1743
29.525	5.2648	5.3198	5.1936
29.55	5.2683	5.3365	5.2167
29.575	5.2704	5.3498	5.2218
29.6	5.2844	5.368	5.235
29.625	5.3018	5.3838	5.2551
29.65	5.3072	5.3903	5.2612
29.675	5.3135	5.3982	5.2616
29.7	5.3168	5.3912	5.2603
29.725	5.2961	5.3639	5.2487
29.75	5.2789	5.3372	5.2095
29.775	5.2834	5.3313	5.197
29.8	5.2757	5.3193	5.1863
29.825	5.253	5.2947	5.1586
29.85	5.2571	5.2895	5.1442
29.875	5.2565	5.2857	5.1396
29.9	5.2357	5.267	5.1183
29.925	5.2236	5.2491	5.1042
29.95	5.2083	5.2314	5.0898
29.975	5.1998	5.2223	5.0786
30	5.1957	5.2084	5.0597
30.025	5.1865	5.187	5.0438
30.05	5.188	5.1824	5.0286
30.075	5.1974	5.1798	5.018
30.1	5.1928	5.1715	5.0065
30.125	5.1777	5.1628	5.0044
30.15	5.1836	5.1627	4.9915
30.175	5.1753	5.152	4.9772
30.2	5.1846	5.1713	4.995
30.225	5.1851	5.1818	5.008
30.25	5.2089	5.2099	5.0352
30.275	5.2224	5.236	5.0694
30.3	5.2374	5.259	5.0942
30.325	5.2363	5.2638	5.1066
30.35	5.2496	5.272	5.1111
30.375	5.2607	5.2851	5.1265
30.4	5.2739	5.3016	5.1422
30.425	5.2904	5.3306	5.1753
30.45	5.3022	5.3498	5.1871
30.475	5.315	5.3686	5.2035
30.5	5.3191	5.375	5.2086
30.525	5.3377	5.4049	5.2436
30.55	5.3577	5.4269	5.2636
30.575	5.3649	5.4406	5.2823
30.6	5.359	5.4489	5.2954
30.625	5.3516	5.4512	5.312
30.65	5.3451	5.4395	5.3116
30.675	5.3344	5.4318	5.3129
30.7	5.3337	5.4307	5.3115
30.725	5.336	5.4301	5.3141
30.75	5.3444	5.437	5.3111
30.775	5.3274	5.4284	5.2956
30.8	5.3252	5.4176	5.2845
30.825	5.3363	5.4205	5.2879
30.85	5.329	5.413	5.2813
30.875	5.3176	5.3875	5.255
30.9	5.3296	5.3872	5.2489
30.925	5.3255	5.3786	5.2436
30.95	5.3083	5.3518	5.2182
30.975	5.3068	5.3408	5.2045
31	5.301	5.3315	5.1879
31.025	5.2896	5.3117	5.1812
31.05	5.2862	5.2986	5.1672
31.075	5.2892	5.3063	5.1786
31.1	5.2949	5.2991	5.1709
31.125	5.3059	5.3052	5.1758
31.15	5.3127	5.3065	5.169
31.175	5.3281	5.3239	5.1801
31.2	5.345	5.3321	5.188
31.225	5.3606	5.3498	5.2052
31.25	5.3745	5.3602	5.2259
31.275	5.4004	5.3832	5.249
31.3	5.4239	5.3988	5.2714
31.325	5.4364	5.4137	5.291
31.35	5.4553	5.435	5.3128
31.375	5.483	5.4649	5.338
31.4	5.4998	5.4828	5.3455
31.425	5.5097	5.4977	5.359
31.45	5.5435	5.5361	5.3883
31.475	5.592	5.5883	5.4403
31.5	5.6356	5.6363	5.485
31.525	5.6647	5.673	5.5251
31.55	5.6999	5.7046	5.5445
31.575	5.7153	5.7164	5.5573
31.6	5.7363	5.7334	5.5749
31.625	5.7612	5.7598	5.6003
31.65	5.81	5.8123	5.6447
31.675	5.8387	5.8452	5.6768
31.7	5.8887	5.8966	5.7217
31.725	5.9108	5.9223	5.7415
31.75	5.9404	5.9654	5.7761
31.775	5.954	5.9757	5.7929
31.8	5.9766	5.9973	5.8212
31.825	5.9954	6.014	5.842
31.85	6.0224	6.0329	5.8565
31.875	6.0318	6.0242	5.8572
31.9	6.0357	6.0271	5.858
31.925	6.0537	6.046	5.8699
31.95	6.0603	6.0515	5.8625
31.975	6.0645	6.0503	5.8611
32	6.0673	6.0457	5.8517
32.025	6.0811	6.0497	5.8454
32.05	6.0912	6.0507	5.8314
32.075	6.1003	6.0519	5.8375
32.1	6.115	6.0593	5.8479
32.125	6.1244	6.0542	5.828
32.15	6.1274	6.0383	5.8155
32.175	6.1177	6.0102	5.8032
32.2	6.1195	5.9917	5.7827
32.225	6.1156	5.9801	5.7673
32.25	6.1119	5.9743	5.7708
32.275	6.1046	5.9587	5.7544
32.3	6.1123	5.9597	5.7485
32.325	6.1067	5.944	5.7246
32.35	6.1095	5.9222	5.6944
32.375	6.1032	5.8941	5.6667
32.4	6.1003	5.882	5.6521
32.425	6.0993	5.8557	5.6214
32.45	6.1104	5.8315	5.5958
32.475	6.1036	5.8041	5.5728
32.5	6.1089	5.7881	5.5449
32.525	6.1268	5.7703	5.5217
32.55	6.1266	5.7462	5.4886
32.575	6.1165	5.7232	5.4603
32.6	6.1456	5.7301	5.449
32.625	6.1597	5.7214	5.4425
32.65	6.1723	5.7176	5.4217
32.675	6.212	5.7288	5.4238
32.7	6.2632	5.7511	5.4395
32.725	6.2671	5.7356	5.4198
32.75	6.3097	5.7461	5.3979
32.775	6.357	5.7585	5.3905
32.8	6.4096	5.792	5.3956
32.825	6.4559	5.8101	5.3887
32.85	6.5135	5.8391	5.3823
32.875	6.5631	5.8716	5.3883
32.9	6.6137	5.9007	5.3891
32.925	6.6593	5.9255	5.4005
32.95	6.7094	5.9648	5.409
32.975	6.7687	6.0116	5.4377
33	6.8222	6.0488	5.4559
33.025	6.8653	6.0968	5.4926
33.05	6.8946	6.1256	5.4854
33.075	6.9076	6.1506	5.4858
33.1	6.944	6.2039	5.5004
33.125	6.9917	6.2816	5.5438
33.15	7.0566	6.361	5.5685
33.175	7.0946	6.4303	5.6071
33.2	7.1421	6.5071	5.6398
33.225	7.1571	6.5516	5.6608
33.25	7.1804	6.6034	5.6769
33.275	7.1903	6.6585	5.7041
33.3	7.2147	6.7257	5.7234
33.325	7.1854	6.7512	5.7368
33.35	7.1691	6.7779	5.7447
33.375	7.1269	6.7891	5.7642
33.4	7.0444	6.7793	5.7706
33.425	6.925	6.7282	5.7685
33.45	6.847	6.6958	5.7518
33.475	6.7531	6.6581	5.744
33.5	6.664	6.5992	5.7126
33.525	6.5658	6.5175	5.6723
33.55	6.4801	6.4461	5.6117
33.575	6.3761	6.3586	5.5493
33.6	6.2796	6.2607	5.4616
33.625	6.1605	6.1359	5.3655
33.65	6.0475	6.009	5.251
33.675	5.932	5.8778	5.1494
33.7	5.8437	5.7799	5.0674
33.725	5.7465	5.6732	4.9934
33.75	5.6451	5.5702	4.9046
33.775	5.5662	5.4886	4.8438
33.8	5.5012	5.4168	4.795
33.825	5.4374	5.3428	4.7607
33.85	5.3762	5.281	4.714
33.875	5.3212	5.2247	4.6746
33.9	5.2699	5.1677	4.6304
33.925	5.2307	5.121	4.5903
33.95	5.2083	5.0812	4.5379
33.975	5.1958	5.0455	4.5014
34	5.2012	5.034	4.4762
34.025	5.1934	5.0146	4.4532
34.05	5.1933	5.0062	4.4304
34.075	5.173	4.986	4.4037
34.1	5.1572	4.9763	4.3912
34.125	5.1437	4.9605	4.3863
34.15	5.1533	4.9734	4.3909
34.175	5.1844	5.0039	4.4187
34.2	5.2215	5.0472	4.463
34.225	5.2675	5.0997	4.514
34.25	5.3492	5.1827	4.578
34.275	5.4382	5.2713	4.6581
34.3	5.5224	5.374	4.7418
34.325	5.6316	5.4879	4.8385
34.35	5.7649	5.6144	4.9213
34.375	5.8967	5.7396	5.007
34.4	6.0548	5.8769	5.1016
34.425	6.2266	6.0179	5.2036
34.45	6.4022	6.1671	5.296
34.475	6.5502	6.281	5.3702
34.5	6.6601	6.3738	5.445
34.525	6.7558	6.4468	5.4935
34.55	6.8507	6.4995	5.5279
34.575	6.9165	6.5334	5.5479
34.6	6.9786	6.5835	5.5877
34.625	7.0882	6.669	5.6517
34.65	7.187	6.7515	5.711
34.675	7.2476	6.7824	5.7283
34.7	7.332	6.8271	5.7546
34.725	7.4267	6.871	5.7876
34.75	7.5094	6.8907	5.7872
34.775	7.5897	6.9169	5.8047
34.8	7.6657	6.9635	5.84
34.825	7.7082	6.9588	5.8363
34.85	7.749	6.9423	5.8279
34.875	7.7557	6.9012	5.7973
34.9	7.7512	6.8582	5.7805
34.925	7.7357	6.8137	5.7612
34.95	7.7432	6.7986	5.7601
34.975	7.7413	6.7831	5.7471
35	7.7324	6.7559	5.7281
35.025	7.7227	6.7151	5.6952
35.05	7.7415	6.7024	5.6866
35.075	7.7395	6.6908	5.6912
35.1	7.7197	6.6673	5.6817
35.125	7.696	6.6419	5.6828
35.15	7.6807	6.6196	5.6759
35.175	7.6543	6.5944	5.6683
35.2	7.6515	6.5875	5.6909
35.225	7.6848	6.6026	5.7339
35.25	7.7039	6.6207	5.7664
35.275	7.7255	6.6296	5.7865
35.3	7.7782	6.6527	5.8208
35.325	7.7975	6.6517	5.8342
35.35	7.8218	6.6625	5.8599
35.375	7.8454	6.675	5.8932
35.4	7.8572	6.6935	5.9228
35.425	7.8247	6.6759	5.9265
35.45	7.8273	6.6743	5.922
35.475	7.8018	6.6658	5.9153
35.5	7.8367	6.7046	5.9475
35.525	7.8592	6.7298	5.9818
35.55	7.9017	6.7672	6.0074
35.575	7.9619	6.8067	6.0398
35.6	8.0325	6.8532	6.0905
35.625	8.0696	6.8679	6.1127
35.65	8.1566	6.9209	6.1568
35.675	8.2759	6.9929	6.2282
35.7	8.3508	7.0578	6.2851
35.725	8.4586	7.13	6.333
35.75	8.5761	7.1967	6.3626
35.775	8.7395	7.2971	6.4187
35.8	8.8641	7.3871	6.4631
35.825	9.0318	7.498	6.5335
35.85	9.2278	7.614	6.5836
35.875	9.4088	7.7372	6.6427
35.9	9.5013	7.796	6.6529
35.925	9.6206	7.861	6.6803
35.95	9.8056	7.9838	6.739
35.975	9.9135	8.0886	6.8127
36	10.0368	8.2129	6.9142
36.025	10.1851	8.3656	7.0417
36.05	10.2868	8.5191	7.1658
36.075	10.3021	8.6052	7.2523
36.1	10.4105	8.7477	7.3792
36.125	10.5306	8.9139	7.5386
36.15	10.658	9.0937	7.6836
36.175	10.7875	9.2462	7.78
36.2	10.9389	9.4103	7.8687
36.225	11.0846	9.5594	7.94
36.25	11.2593	9.6862	7.9661
36.275	11.4193	9.8372	8.0278
36.3	11.5404	9.9291	8.0534
36.325	11.6241	9.9697	8.0592
36.35	11.5957	9.99	8.0834
36.375	11.4767	9.9857	8.1113
36.4	11.3499	9.9429	8.1286
36.425	11.1875	9.9201	8.1851
36.45	11.0072	9.9243	8.2615
36.475	10.8973	9.9428	8.3399
36.5	10.8573	9.986	8.3878
36.525	10.8075	10.0031	8.4162
36.55	10.9129	10.1002	8.4513
36.575	11.0298	10.163	8.4586
36.6	11.0758	10.1323	8.3801
36.625	11.0016	9.9655	8.223
36.65	10.8565	9.7656	8.0451
36.675	10.645	9.5611	7.885
36.7	10.4077	9.3339	7.7224
36.725	10.1864	9.1535	7.5794
36.75	9.9615	9.0016	7.5015
36.775	9.744	8.8565	7.4301
36.8	9.5638	8.723	7.3624
36.825	9.3876	8.6177	7.3182
36.85	9.1763	8.4862	7.2507
36.875	9.0329	8.4004	7.1937
36.9	8.9836	8.3644	7.1591
36.925	8.9484	8.3416	7.1319
36.95	9.011	8.373	7.1044
36.975	9.1234	8.4192	7.1046
37	9.241	8.4736	7.1218
37.025	9.4133	8.5923	7.1827
37.05	9.5633	8.6891	7.2572
37.075	9.6574	8.7881	7.3726
37.1	9.7686	8.9189	7.5186
37.125	9.9391	9.1127	7.6881
37.15	10.0441	9.2672	7.8701
37.175	10.1419	9.4448	8.0585
37.2	10.2761	9.6081	8.2139
37.225	10.5029	9.8483	8.4332
37.25	10.7318	10.1104	8.6374
37.275	10.9897	10.3785	8.8135
37.3	11.3577	10.6888	9.0053
37.325	11.7924	11.0537	9.2023
37.35	12.2734	11.4482	9.3615
37.375	12.7805	11.8592	9.5773
37.4	13.2591	12.248	9.7775
37.425	13.7301	12.6411	9.9645
37.45	14.1683	13.0194	10.2387
37.475	14.3844	13.2886	10.4901
37.5	14.5707	13.4947	10.7073
37.525	14.9635	13.8074	10.9443
37.55	15.1757	13.9975	11.1288
37.575	15.2756	14.1899	11.2904
37.6	15.4909	14.2973	11.3748
37.625	15.8258	14.45	11.4582
37.65	15.9838	14.5226	11.4597
37.675	16.1712	14.5695	11.4098
37.7	16.3919	14.5255	11.2769
37.725	16.6219	14.5133	11.1
37.75	16.6735	14.4098	10.907
37.775	16.7115	14.329	10.795
37.8	16.6683	14.2148	10.7112
37.825	16.6271	14.0567	10.5684
37.85	16.5088	13.8667	10.4827
37.875	16.4661	13.7581	10.4515
37.9	16.3101	13.5326	10.3922
37.925	16.3208	13.4032	10.3203
37.95	16.1944	13.2551	10.2541
37.975	16.0256	13.0563	10.172
38	15.8092	12.7966	10.0629
38.025	15.7133	12.6516	9.9704
38.05	15.4626	12.4909	9.8956
38.075	15.322	12.3714	9.8303
38.1	15.1812	12.3251	9.8388
38.125	15.1699	12.3634	9.8579
38.15	14.9885	12.332	9.8248
38.175	14.9702	12.3607	9.8561
38.2	14.8658	12.367	9.9498
38.225	14.9194	12.4712	10.0243
38.25	14.8509	12.5409	10.0779
38.275	14.8783	12.6213	10.176
38.3	14.7548	12.6518	10.2723
38.325	14.8097	12.7801	10.3515
38.35	14.8248	12.9179	10.5031
38.375	14.8644	13.042	10.6384
38.4	14.8567	13.1441	10.7648
38.425	15.047	13.4011	10.9599
38.45	15.2442	13.7039	11.2017
38.475	15.3882	13.9666	11.4027
38.5	15.36	14.1112	11.5861
38.525	15.5416	14.3778	11.7861
38.55	15.6636	14.5898	11.9228
38.575	15.6897	14.7233	12.0473
38.6	15.6535	14.7958	12.1414
38.625	15.9445	15.0707	12.2939
38.65	16.1371	15.2898	12.4635
38.675	16.199	15.3568	12.567
38.7	16.2541	15.3952	12.5775
38.725	16.4252	15.4771	12.5732
38.75	16.4062	15.4426	12.547
38.775	16.3246	15.4109	12.5249
38.8	16.3745	15.456	12.5519
38.825	16.3317	15.4216	12.5318
38.85	16.2578	15.3287	12.4519
38.875	16.1304	15.1886	12.3462
38.9	16.129	15.1147	12.279
38.925	16.1306	15.0349	12.1711
38.95	16.1258	14.9902	12.0817
38.975	16.059	14.8724	11.9862
39	16.1853	14.8995	11.98
39.025	16.1557	14.8327	11.9034
39.05	16.054	14.6905	11.8038
39.075	15.9735	14.5642	11.7351
39.1	16.0514	14.566	11.7151
39.125	15.837	14.382	11.5959
39.15	15.7032	14.2188	11.4704
39.175	15.5568	14.0637	11.3677
39.2	15.5979	14.0399	11.4101
39.225	15.5135	13.9967	11.413
39.25	15.5341	14.0458	11.4322
39.275	15.5534	14.1012	11.4872
39.3	15.7066	14.1997	11.5453
39.325	15.8263	14.2897	11.5599
39.35	15.9793	14.3919	11.6402
39.375	16.0511	14.4222	11.6868
39.4	16.1054	14.3913	11.6825
39.425	16.0921	14.3876	11.6929
39.45	16.0449	14.3919	11.7036
39.475	15.9288	14.306	11.6672
39.5	15.9127	14.2107	11.5698
39.525	15.9404	14.3011	11.6054
39.55	15.9743	14.3597	11.6239
39.575	15.9597	14.3226	11.5875
39.6	15.8678	14.2334	11.516
39.625	15.7885	14.1772	11.4957
39.65	15.7325	14.0972	11.4435
39.675	15.5459	13.9595	11.3747
39.7	15.3343	13.7807	11.2479
39.725	15.255	13.7185	11.1587
39.75	15.2039	13.7276	11.1326
39.775	15.0163	13.5954	11.0587
39.8	15.0892	13.6069	11.0407
39.825	15.1336	13.6976	11.0642
39.85	15.0064	13.6696	11.0672
39.875	14.9727	13.6273	11.0747
39.9	15.1367	13.6943	11.0784
39.925	15.0771	13.6766	11.0724
39.95	15.0249	13.5823	11.014
39.975	15.2667	13.6595	11.0575
40	15.3966	13.7691	11.1408
40.025	15.4346	13.8577	11.2234
40.05	15.4787	13.8267	11.1911
40.075	15.5271	13.8363	11.2453
40.1	15.4507	13.7957	11.2186
40.125	15.431	13.7421	11.1452
40.15	15.4187	13.7119	11.1311
40.175	15.3563	13.7102	11.1851
40.2	15.4159	13.7013	11.1251
40.225	15.5179	13.8017	11.1634
40.25	15.4502	13.7323	11.1224
40.275	15.3355	13.5692	11.0057
40.3	15.4444	13.6406	10.963
40.325	15.327	13.6108	10.9248
40.35	15.0917	13.3767	10.7702
40.375	14.9906	13.3028	10.6898
40.4	14.8785	13.2608	10.6434
40.425	14.7381	13.2011	10.627
40.45	14.6575	13.1584	10.6037
40.475	14.5671	13.1446	10.6484
40.5	14.515	13.1275	10.6298
40.525	14.5216	13.1652	10.6257
40.55	14.4366	13.0826	10.6016
40.575	14.3543	13.0521	10.617
40.6	14.4629	13.1451	10.5752
40.625	14.4781	13.1998	10.6182
40.65	14.3305	13.0768	10.5669
40.675	14.2256	12.9816	10.4623
40.7	14.295	13.0012	10.4317
40.725	14.1595	12.8951	10.4279
40.75	14.0928	12.8373	10.4185
40.775	14.0709	12.8322	10.423
40.8	14.1395	12.8833	10.4585
40.825	14.1166	12.8614	10.4641
40.85	14.172	12.8936	10.4626
40.875	14.2099	12.9014	10.4431
40.9	14.32	12.9667	10.4658
