HOLE:	M0065A
EXPEDITION:	347
TOP:	0
BOTTOM:	38.65
DEPTH_WSF	GRGC       
m	gAPI
0	17.2318
0.025	15.6472
0.05	13.7449
0.075	12.9667
0.1	12.9045
0.125	14.0476
0.15	14.2499
0.175	14.0886
0.2	14.1396
0.225	15.2429
0.25	16.8746
0.275	18.6909
0.3	19.4324
0.325	18.8599
0.35	16.7743
0.375	15.8854
0.4	15.73
0.425	16.9266
0.45	17.7238
0.475	18.7491
0.5	18.0271
0.525	18.0859
0.55	17.5491
0.575	17.7785
0.6	16.8198
0.625	16.5955
0.65	15.3622
0.675	14.6803
0.7	14.9158
0.725	16.7516
0.75	17.853
0.775	17.6774
0.8	16.5835
0.825	14.9393
0.85	12.8908
0.875	11.2095
0.9	10.1397
0.925	10.8608
0.95	11.4229
0.975	12.1368
1	12.5057
1.025	14.1107
1.05	15.2586
1.075	16.0222
1.1	16.0763
1.125	16.0595
1.15	15.7454
1.175	15.0153
1.2	14.2775
1.225	13.3556
1.25	13.0332
1.275	13.0331
1.3	12.4824
1.325	12.8497
1.35	13.0334
1.375	13.9505
1.4	12.8728
1.425	12.331
1.45	11.1043
1.475	12.3403
1.5	13.2569
1.525	15.0186
1.55	15.2036
1.575	15.5313
1.6	14.8642
1.625	14.4876
1.65	14.1511
1.675	15.2226
1.7	15.6033
1.725	15.7689
1.75	14.4955
1.775	13.597
1.8	12.8816
1.825	12.9953
1.85	12.9206
1.875	14.0645
1.9	15.7303
1.925	17.0989
1.95	17.2563
1.975	17.3333
2	16.7101
2.025	15.4113
2.05	13.1104
2.075	11.874
2.1	10.9388
2.125	10.4176
2.15	10.235
2.175	11.8353
2.2	13.2523
2.225	13.7503
2.25	13.7514
2.275	13.714
2.3	13.9282
2.325	13.9579
2.35	14.3932
2.375	14.8985
2.4	16.1754
2.425	16.1667
2.45	16.0204
2.475	15.2336
2.5	15.5934
2.525	15.2195
2.55	15.213
2.575	15.7123
2.6	16.9966
2.625	16.4825
2.65	15.0202
2.675	12.8241
2.7	10.8264
2.725	9.5939
2.75	9.9763
2.775	11.2611
2.8	12.362
2.825	13.2645
2.85	13.2645
2.875	12.7139
2.9	11.6204
2.925	12.1189
2.95	12.6497
2.975	13.1728
3	13.6895
3.025	15.4966
3.05	16.8131
3.075	16.8564
3.1	15.944
3.125	14.8243
3.15	12.8407
3.175	10.6736
3.2	9.7402
3.225	11.56
3.25	13.2263
3.275	14.6867
3.3	14.8631
3.325	15.2302
3.35	13.7775
3.375	12.1189
3.4	11.0111
3.425	11.7601
3.45	13.2651
3.475	15.307
3.5	17.8699
3.525	19.332
3.55	20.5872
3.575	20.7714
3.6	20.5502
3.625	19.4628
3.65	19.476
3.675	19.344
3.7	19.6437
3.725	19.4298
3.75	19.3999
3.775	17.7855
3.8	16.0819
3.825	14.2618
3.85	14.2104
3.875	14.7627
3.9	15.8145
3.925	16.2068
3.95	16.3545
3.975	16.0021
4	15.2738
4.025	14.9567
4.05	14.6021
4.075	13.9191
4.1	12.7012
4.125	12.3718
4.15	12.5545
4.175	13.779
4.2	15.5765
4.225	18.1105
4.25	20.255
4.275	21.2763
4.3	21.4528
4.325	20.2425
4.35	19.5821
4.375	18.8701
4.4	18.892
4.425	18.5478
4.45	19.0465
4.475	18.0764
4.5	16.9817
4.525	15.1832
4.55	13.7522
4.575	12.1302
4.6	10.6911
4.625	9.6514
4.65	9.4622
4.675	10.7637
4.7	12.4004
4.725	14.2583
4.75	15.1656
4.775	16.11
4.8	16.4815
4.825	16.5186
4.85	16.5182
4.875	17.002
4.9	18.4035
4.925	18.6819
4.95	19.5767
4.975	19.5541
5	20.3029
5.025	19.0333
5.05	18.8869
5.075	18.843
5.1	20.8174
5.125	22.2708
5.15	24.1575
5.175	24.3931
5.2	24.2028
5.225	22.7285
5.25	21.3777
5.275	19.7078
5.3	19.689
5.325	20.171
5.35	20.0461
5.375	18.8799
5.4	17.4152
5.425	16.3326
5.45	15.5572
5.475	15.8873
5.5	17.318
5.525	19.6666
5.55	21.6107
5.575	21.7442
5.6	21.6718
5.625	20.9402
5.65	20.7347
5.675	18.944
5.7	17.6791
5.725	16.4894
5.75	15.2551
5.775	13.6783
5.8	13.5261
5.825	14.6147
5.85	15.3352
5.875	16.3919
5.9	18.0427
5.925	20.0598
5.95	21.32
5.975	21.8467
6	22.0075
6.025	20.5642
6.05	18.7014
6.075	17.2725
6.1	16.9198
6.125	16.8031
6.15	17.4528
6.175	18.3386
6.2	19.1649
6.225	19.8922
6.25	20.0163
6.275	19.5499
6.3	17.9371
6.325	16.4324
6.35	15.3945
6.375	15.8701
6.4	17.6832
6.425	20.2745
6.45	21.5323
6.475	21.3441
6.5	20.5609
6.525	18.3564
6.55	16.153
6.575	13.9496
6.6	14.0142
6.625	13.674
6.65	14.6196
6.675	14.5833
6.7	16.6025
6.725	17.7482
6.75	19.1149
6.775	19.1525
6.8	20.7958
6.825	21.8003
6.85	22.3735
6.875	22.2133
6.9	23.0137
6.925	24.1069
6.95	25.2511
6.975	25.6689
7	25.8431
7.025	24.7823
7.05	23.1718
7.075	20.7045
7.1	18.3201
7.125	17.9165
7.15	18.6051
7.175	19.6615
7.2	20.939
7.225	22.5924
7.25	22.6464
7.275	22.4757
7.3	21.9365
7.325	22.2618
7.35	22.444
7.375	22.4877
7.4	22.2962
7.425	21.4358
7.45	20.3484
7.475	19.2682
7.5	18.8572
7.525	19.232
7.55	20.3202
7.575	19.9392
7.6	19.5503
7.625	18.8596
7.65	18.9042
7.675	17.8035
7.7	17.04
7.725	16.8271
7.75	18.082
7.775	18.8162
7.8	20.379
7.825	21.8363
7.85	24.0304
7.875	24.2942
7.9	24.6634
7.925	23.8343
7.95	22.7743
7.975	19.8757
8	17.4795
8.025	15.8654
8.05	15.5393
8.075	16.6399
8.1	17.7813
8.125	19.4329
8.15	19.8015
8.175	20.4965
8.2	20.6818
8.225	21.5597
8.25	23.3576
8.275	24.2362
8.3	24.5371
8.325	23.1838
8.35	22.2389
8.375	20.3666
8.4	19.9632
8.425	19.9539
8.45	21.3068
8.475	21.8845
8.5	22.1031
8.525	21.2197
8.55	19.4587
8.575	17.8065
8.6	16.7057
8.625	16.8896
8.65	18.1071
8.675	18.9577
8.7	20.0859
8.725	21.2809
8.75	22.4757
8.775	22.542
8.8	22.0578
8.825	21.2972
8.85	20.6539
8.875	19.7674
8.9	19.1982
8.925	19.7298
8.95	21.2371
8.975	23.254
9	24.8702
9.025	26.6302
9.05	28.208
9.075	27.8005
9.1	26.3329
9.125	24.5907
9.15	23.5851
9.175	22.7624
9.2	22.9483
9.225	23.4994
9.25	24.3305
9.275	24.7925
9.3	24.8873
9.325	24.1513
9.35	22.8668
9.375	21.6025
9.4	20.1551
9.425	18.8903
9.45	18.7068
9.475	19.9906
9.5	22.0753
9.525	24.7098
9.55	26.468
9.575	27.3669
9.6	26.7976
9.625	25.0428
9.65	22.2871
9.675	19.9986
9.7	19.3615
9.725	19.1892
9.75	18.8189
9.775	18.2677
9.8	19.2725
9.825	20.1115
9.85	21.1534
9.875	20.8263
9.9	20.2137
9.925	17.9717
9.95	15.7701
9.975	13.9423
10	14.6839
10.025	17.4444
10.05	22.402
10.075	26.0747
10.1	29.2574
10.125	30.4192
10.15	31.2138
10.175	30.9156
10.2	30.9844
10.225	31.0524
10.25	30.8679
10.275	30.2136
10.3	29.0395
10.325	28.1144
10.35	26.6744
10.375	26.1222
10.4	25.5323
10.425	25.2754
10.45	24.586
10.475	24.8536
10.5	25.4052
10.525	27.0149
10.55	28.007
10.575	29.3
10.6	29.3139
10.625	28.7774
10.65	26.8393
10.675	25.5546
10.7	24.7772
10.725	24.4701
10.75	24.8977
10.775	24.6347
10.8	24.452
10.825	22.91
10.85	21.9171
10.875	20.5572
10.9	19.8216
10.925	18.9035
10.95	19.0866
10.975	19.6377
11	20.8487
11.025	23.7118
11.05	26.7579
11.075	29.3282
11.1	30.6137
11.125	31.6082
11.15	32.602
11.175	34.5136
11.2	35.7985
11.225	37.0834
11.25	36.6328
11.275	34.5297
11.3	30.0405
11.325	25.6347
11.35	21.78
11.375	19.8427
11.4	19.3742
11.425	21.8426
11.45	25.5142
11.475	28.7357
11.5	30.673
11.525	30.5467
11.55	28.8508
11.575	26.0529
11.6	24.5852
11.625	23.1167
11.65	22.2436
11.675	20.6354
11.7	20.9505
11.725	22.4041
11.75	26.2439
11.775	29.5621
11.8	32.1805
11.825	32.7953
11.85	31.7432
11.875	29.1712
11.9	26.7752
11.925	25.8141
11.95	25.7196
11.975	25.6996
12	26.0014
12.025	27.5374
12.05	29.2688
12.075	30.5757
12.1	31.0013
12.125	31.4291
12.15	31.8052
12.175	31.5369
12.2	30.1734
12.225	28.1633
12.25	26.2469
12.275	25.1456
12.3	24.5273
12.325	25.0111
12.35	25.8613
12.375	26.6974
12.4	26.7993
12.425	26.9687
12.45	26.6685
12.475	26.9188
12.5	26.8168
12.525	27.1689
12.55	26.787
12.575	26.8733
12.6	27.2416
12.625	26.8754
12.65	26.1426
12.675	24.8574
12.7	24.6739
12.725	24.0405
12.75	24.8759
12.775	25.4407
12.8	27.1888
12.825	29.6728
12.85	32.6043
12.875	34.8023
12.9	35.2497
12.925	37.173
12.95	37.9936
12.975	39.3686
13	39.0098
13.025	39.2997
13.05	36.7455
13.075	34.0888
13.1	31.1496
13.125	31.1093
13.15	31.6198
13.175	33.6795
13.2	34.3088
13.225	33.425
13.25	31.2966
13.275	28.8012
13.3	26.2717
13.325	23.9311
13.35	22.6838
13.375	22.1676
13.4	21.8944
13.425	21.4455
13.45	21.6885
13.475	22.5347
13.5	23.5562
13.525	25.735
13.55	27.3106
13.575	28.6441
13.6	28.0276
13.625	26.179
13.65	23.732
13.675	22.2017
13.7	21.5508
13.725	22.3928
13.75	23.8225
13.775	26.1539
13.8	28.9425
13.825	32.538
13.85	36.96
13.875	42.6705
13.9	48.804
13.925	55.7647
13.95	62.7939
13.975	68.7366
14	72.473
14.025	73.5865
14.05	75.1602
14.075	76.241
14.1	77.8553
14.125	80.4812
14.15	84.2909
14.175	86.31
14.2	87.9592
14.225	89.4173
14.25	92.1135
14.275	92.2896
14.3	91.7912
14.325	89.2352
14.35	88.7057
14.375	88.3543
14.4	92.9975
14.425	97.8142
14.45	105.0555
14.475	107.3407
14.5	107.9298
14.525	104.2587
14.55	102.1353
14.575	101.7042
14.6	105.5409
14.625	110.2161
14.65	115.4046
14.675	117.1587
14.7	113.1854
14.725	106.2886
14.75	99.0302
14.775	94.1922
14.8	92.6546
14.825	96.5189
14.85	102.5239
14.875	107.001
14.9	109.2237
14.925	111.6845
14.95	111.806
14.975	111.6146
15	112.113
15.025	113.281
15.05	112.1273
15.075	109.6744
15.1	107.2862
15.125	105.6142
15.15	107.4086
15.175	110.2371
15.2	112.3534
15.225	111.5144
15.25	108.7781
15.275	104.5255
15.3	101.116
15.325	99.6071
15.35	98.1838
15.375	98.3024
15.4	98.1176
15.425	99.2951
15.45	99.6279
15.475	101.0595
15.5	103.96
15.525	105.4291
15.55	104.6187
15.575	103.1698
15.6	103.2589
15.625	102.3259
15.65	102.3955
15.675	102.1077
15.7	103.5614
15.725	104.6285
15.75	106.1701
15.775	106.2652
15.8	104.9089
15.825	103.5044
15.85	103.0421
15.875	102.3094
15.9	101.1401
15.925	101.5641
15.95	100.5646
15.975	100.949
16	99.507
16.025	99.0301
16.05	94.9644
16.075	93.9978
16.1	94.5078
16.125	99.5398
16.15	104.8768
16.175	114.7896
16.2	120.5299
16.225	121.2154
16.25	117.1485
16.275	114.1276
16.3	110.0663
16.325	107.8917
16.35	105.2729
16.375	103.5889
16.4	100.0629
16.425	98.1652
16.45	99.9564
16.475	104.2515
16.5	107.5524
16.525	108.1696
16.55	105.8581
16.575	103.0274
16.6	99.0289
16.625	97.5921
16.65	98.964
16.675	103.8153
16.7	105.8848
16.725	107.314
16.75	107.7123
16.775	109.5813
16.8	108.6996
16.825	109.0342
16.85	110.1318
16.875	112.1546
16.9	112.5653
16.925	112.3475
16.95	111.7583
16.975	110.1313
17	107.8541
17.025	104.4322
17.05	103.958
17.075	103.4297
17.1	106.8856
17.125	107.9501
17.15	108.3291
17.175	106.0162
17.2	104.3857
17.225	101.7308
17.25	100.5766
17.275	100.4696
17.3	102.4882
17.325	103.6464
17.35	106.0061
17.375	108.5522
17.4	112.5574
17.425	112.4242
17.45	110.7548
17.475	106.1595
17.5	102.849
17.525	100.2871
17.55	97.8505
17.575	96.7012
17.6	96.8322
17.625	100.818
17.65	105.1712
17.675	111.0479
17.7	114.3601
17.725	113.4476
17.75	108.1268
17.775	101.1514
17.8	97.3015
17.825	95.1063
17.85	98.2283
17.875	100.0632
17.9	100.7944
17.925	97.0568
17.95	95.1468
17.975	92.692
18	92.8739
18.025	94.7183
18.05	99.7414
18.075	105.6555
18.1	111.0104
18.125	115.3826
18.15	117.9734
18.175	120.0135
18.2	120.0645
18.225	116.4245
18.25	110.1615
18.275	104.8775
18.3	102.0229
18.325	102.3451
18.35	105.6954
18.375	110.2333
18.4	112.0806
18.425	110.8467
18.45	107.4601
18.475	105.3013
18.5	102.1125
18.525	101.3041
18.55	101.1416
18.575	102.1545
18.6	103.5315
18.625	105.7253
18.65	107.3125
18.675	107.9846
18.7	108.1061
18.725	110.126
18.75	113.4548
18.775	117.7033
18.8	121.2169
18.825	123.0796
18.85	120.2555
18.875	116.3684
18.9	112.7025
18.925	112.0695
18.95	111.9296
18.975	112.1862
19	112.8025
19.025	114.9033
19.05	115.5703
19.075	117.1594
19.1	117.6502
19.125	118.1458
19.15	116.6254
19.175	114.6085
19.2	112.6243
19.225	110.556
19.25	110.0826
19.275	110.1614
19.3	110.9771
19.325	108.1919
19.35	105.6951
19.375	103.6436
19.4	103.1945
19.425	103.8467
19.45	106.6538
19.475	110.0904
19.5	111.0571
19.525	109.6886
19.55	107.6699
19.575	107.2993
19.6	105.9115
19.625	107.2798
19.65	106.4488
19.675	107.1859
19.7	106.2716
19.725	108.8418
19.75	108.7435
19.775	109.6509
19.8	108.4209
19.825	107.2872
19.85	105.8847
19.875	104.3376
19.9	104.7209
19.925	101.5475
19.95	98.7391
19.975	93.9353
20	91.0274
20.025	86.9189
20.05	88.7524
20.075	91.04
20.1	94.6746
20.125	96.2924
20.15	98.9272
20.175	98.34
20.2	95.7333
20.225	91.4751
20.25	88.5382
20.275	85.1963
20.3	84.4632
20.325	84.8344
20.35	86.1585
20.375	86.5255
20.4	87.4391
20.425	86.1769
20.45	84.141
20.475	83.5039
20.5	86.0051
20.525	88.377
20.55	90.1208
20.575	90.7581
20.6	91.4592
20.625	90.7983
20.65	90.0887
20.675	89.4249
20.7	89.7236
20.725	89.1809
20.75	87.3223
20.775	85.3141
20.8	83.8324
20.825	85.0077
20.85	87.2433
20.875	91.178
20.9	95.6661
20.925	101.4066
20.95	105.1304
20.975	105.4878
21	102.8566
21.025	99.4579
21.05	95.1612
21.075	89.7958
21.1	86.6661
21.125	84.215
21.15	84.7004
21.175	85.1356
21.2	91.3285
21.225	95.5836
21.25	99.4338
21.275	97.8104
21.3	94.5103
21.325	88.2691
21.35	85.9642
21.375	88.3926
21.4	95.4138
21.425	102.721
21.45	106.9494
21.475	105.9781
21.5	100.0505
21.525	92.8319
21.55	89.3378
21.575	88.8729
21.6	90.6561
21.625	93.8231
21.65	96.9628
21.675	99.2201
21.7	99.2673
21.725	99.6167
21.75	99.6529
21.775	99.8975
21.8	99.8816
21.825	100.4714
21.85	100.7639
21.875	98.1941
21.9	94.532
21.925	89.5182
21.95	84.6879
21.975	78.9308
22	76.8178
22.025	78.5616
22.05	80.9212
22.075	86.2848
22.1	90.912
22.125	97.4036
22.15	97.1196
22.175	98.1996
22.2	95.3577
22.225	94.3622
22.25	90.3508
22.275	89.0663
22.3	88.2551
22.325	90.5886
22.35	95.1244
22.375	99.5538
22.4	102.2621
22.425	102.7652
22.45	101.0387
22.475	98.256
22.5	95.9426
22.525	97.3709
22.55	98.8939
22.575	100.1365
22.6	99.3161
22.625	100.691
22.65	101.2652
22.675	102.033
22.7	99.9302
22.725	100.461
22.75	99.14
22.775	98.0995
22.8	94.754
22.825	93.6518
22.85	91.0188
22.875	89.7757
22.9	86.6625
22.925	87.2159
22.95	87.3927
22.975	89.7677
23	86.5096
23.025	83.9963
23.05	79.652
23.075	78.5567
23.1	76.5373
23.125	79.4167
23.15	81.5982
23.175	82.4973
23.2	80.5167
23.225	77.9495
23.25	73.2281
23.275	69.5657
23.3	68.6541
23.325	71.9133
23.35	75.1308
23.375	80.5072
23.4	85.154
23.425	88.6023
23.45	87.8487
23.475	88.4619
23.5	86.8651
23.525	87.3093
23.55	87.8507
23.575	92.4986
23.6	95.8636
23.625	100.3325
23.65	103.0859
23.675	103.8367
23.7	101.6834
23.725	98.7958
23.75	99.1956
23.775	101.2147
23.8	105.4169
23.825	108.8151
23.85	112.3968
23.875	113.0612
23.9	112.5105
23.925	109.9437
23.95	109.3989
23.975	108.1223
24	106.8429
24.025	105.3769
24.05	106.1085
24.075	105.7358
24.1	104.6264
24.125	104.8014
24.15	108.4669
24.175	113.2388
24.2	117.8303
24.225	121.8712
24.25	123.5263
24.275	122.6295
24.3	120.2319
24.325	118.9359
24.35	117.6195
24.375	116.7024
24.4	115.2314
24.425	114.8966
24.45	112.1722
24.475	109.8873
24.5	108.6474
24.525	109.9807
24.55	110.5072
24.575	114.3092
24.6	117.7709
24.625	122.5416
24.65	123.1255
24.675	125.3413
24.7	124.8291
24.725	124.7208
24.75	119.9624
24.775	116.6231
24.8	111.7378
24.825	108.9264
24.85	107.4678
24.875	109.9871
24.9	112.7941
24.925	112.1033
24.95	108.9615
24.975	106.0821
25	105.1538
25.025	107.7921
25.05	115.564
25.075	124.8143
25.1	132.6518
25.125	136.8209
25.15	137.5028
25.175	132.5436
25.2	127.0403
25.225	121.586
25.25	117.2415
25.275	111.976
25.3	110.3295
25.325	111.2515
25.35	112.9627
25.375	115.5923
25.4	119.2967
25.425	122.297
25.45	123.7582
25.475	124.8262
25.5	126.5434
25.525	126.0217
25.55	123.9922
25.575	120.27
25.6	117.2457
25.625	114.6773
25.65	113.0035
25.675	113.1923
25.7	113.3626
25.725	115.74
25.75	115.0147
25.775	113.5092
25.8	113.4088
25.825	115.7581
25.85	118.7251
25.875	117.9998
25.9	117.833
25.925	113.5465
25.95	109.9387
25.975	102.7992
26	101.3578
26.025	101.8665
26.05	107.0638
26.075	110.4829
26.1	111.9774
26.125	112.3121
26.15	112.3218
26.175	110.5316
26.2	106.1427
26.225	102.9813
26.25	99.1549
26.275	96.8734
26.3	93.3542
26.325	92.6522
26.35	92.2999
26.375	93.3563
26.4	93.3563
26.425	93.711
26.45	94.3532
26.475	96.2232
26.5	97.2127
26.525	96.5846
26.55	96.4871
26.575	95.4496
26.6	93.4524
26.625	92.1574
26.65	94.3514
26.675	100.0672
26.7	105.669
26.725	111.3636
26.75	114.1571
26.775	115.4756
26.8	111.8659
26.825	106.842
26.85	101.2963
26.875	98.4758
26.9	96.1146
26.925	93.9295
26.95	93.0398
26.975	93.6475
27	95.4909
27.025	96.4806
27.05	98.6808
27.075	104.047
27.1	110.0113
27.125	114.4799
27.15	114.6358
27.175	111.1154
27.2	104.5228
27.225	95.8561
27.25	89.2799
27.275	85.6944
27.3	88.3211
27.325	92.865
27.35	96.8377
27.375	96.3404
27.4	94.9929
27.425	92.8896
27.45	89.6587
27.475	88.0163
27.5	92.1861
27.525	97.4665
27.55	100.729
27.575	100.8209
27.6	99.3277
27.625	95.1905
27.65	92.6156
27.675	93.8232
27.7	97.8488
27.725	101.7235
27.75	104.2955
27.775	104.9554
27.8	102.0928
27.825	97.715
27.85	97.0105
27.875	99.5505
27.9	102.0945
27.925	102.8772
27.95	101.298
27.975	98.9109
28	93.349
28.025	90.4231
28.05	89.5318
28.075	93.2222
28.1	95.0787
28.125	99.2018
28.15	101.2135
28.175	105.0652
28.2	107.3542
28.225	110.9972
28.25	111.9708
28.275	113.1234
28.3	114.1515
28.325	114.9544
28.35	115.6361
28.375	113.9677
28.4	113.789
28.425	110.9168
28.45	111.3423
28.475	108.9435
28.5	109.9992
28.525	106.9343
28.55	105.5359
28.575	102.2784
28.6	103.4333
28.625	104.8591
28.65	109.2653
28.675	113.2348
28.7	117.1715
28.725	117.404
28.75	116.1383
28.775	114.3799
28.8	114.9361
28.825	114.9883
28.85	115.0448
28.875	113.6004
28.9	111.5948
28.925	106.9207
28.95	102.6267
28.975	102.5544
29	108.2036
29.025	112.8408
29.05	115.6626
29.075	114.5888
29.1	112.4617
29.125	107.4035
29.15	104.0614
29.175	102.3684
29.2	102.5124
29.225	104.4177
29.25	109.0762
29.275	112.7798
29.3	116.1226
29.325	118.86
29.35	122.4445
29.375	121.0288
29.4	120.3865
29.425	119.0746
29.45	120.871
29.475	116.6112
29.5	113.13
29.525	110.3161
29.55	108.2797
29.575	105.2485
29.6	104.6116
29.625	105.629
29.65	106.6836
29.675	108.3351
29.7	111.5027
29.725	112.0749
29.75	110.184
29.775	106.9912
29.8	106.0442
29.825	101.7832
29.85	98.5988
29.875	96.5757
29.9	96.6138
29.925	95.8176
29.95	96.9955
29.975	98.0592
30	99.5841
30.025	101.4127
30.05	103.3784
30.075	105.8991
30.1	107.7593
30.125	110.0415
30.15	110.7784
30.175	112.9573
30.2	114.1489
30.225	116.7503
30.25	116.3585
30.275	114.7723
30.3	109.7717
30.325	103.9704
30.35	100.7772
30.375	100.6488
30.4	103.6323
30.425	104.648
30.45	108.4935
30.475	109.1822
30.5	111.6921
30.525	109.2354
30.55	109.6514
30.575	108.4704
30.6	108.813
30.625	107.4865
30.65	108.8138
30.675	112.2142
30.7	114.8654
30.725	115.6591
30.75	113.4045
30.775	113.6573
30.8	111.5349
30.825	109.8094
30.85	107.558
30.875	109.3601
30.9	108.3028
30.925	107.7634
30.95	107.4002
30.975	109.5867
31	107.6674
31.025	104.6284
31.05	100.3372
31.075	98.5777
31.1	96.4454
31.125	97.1369
31.15	99.6526
31.175	104.4575
31.2	108.4873
31.225	110.5162
31.25	110.6127
31.275	110.3079
31.3	108.272
31.325	104.3785
31.35	100.8864
31.375	99.3764
31.4	99.448
31.425	102.1614
31.45	106.5643
31.475	111.1492
31.5	115.3754
31.525	116.4807
31.55	116.5293
31.575	116.0904
31.6	117.0055
31.625	116.0513
31.65	115.7671
31.675	114.3684
31.7	113.7443
31.725	112.5774
31.75	113.6562
31.775	114.1299
31.8	112.384
31.825	106.7479
31.85	103.5051
31.875	100.8367
31.9	101.6316
31.925	102.6997
31.95	104.1902
31.975	103.168
32	103.4075
32.025	103.6515
32.05	105.3667
32.075	107.7499
32.1	109.4849
32.125	112.1342
32.15	113.5648
32.175	116.9316
32.2	119.9344
32.225	123.673
32.25	123.0031
32.275	121.2291
32.3	117.1246
32.325	114.6106
32.35	114.1545
32.375	116.3244
32.4	119.6572
32.425	121.7325
32.45	121.2095
32.475	118.6644
32.5	115.5126
32.525	111.8478
32.55	109.0166
32.575	105.9482
32.6	105.2952
32.625	104.737
32.65	107.1271
32.675	112.3046
32.7	120.0181
32.725	124.8479
32.75	125.6604
32.775	123.6029
32.8	117.4788
32.825	112.9153
32.85	111.7342
32.875	112.1151
32.9	111.6864
32.925	110.0741
32.95	111.6203
32.975	109.2142
33	107.5428
33.025	105.3257
33.05	108.923
33.075	111.3554
33.1	115.0125
33.125	118.1917
33.15	121.6877
33.175	121.0419
33.2	117.2939
33.225	111.6423
33.25	107.6018
33.275	102.483
33.3	100.7363
33.325	98.0331
33.35	99.507
33.375	99.6765
33.4	103.0758
33.425	103.5278
33.45	107.7716
33.475	110.7732
33.5	114.2343
33.525	112.5377
33.55	110.1108
33.575	106.5259
33.6	102.2145
33.625	97.4487
33.65	93.8409
33.675	92.4091
33.7	88.6876
33.725	84.0547
33.75	78.7319
33.775	76.886
33.8	76.1114
33.825	74.2828
33.85	72.3282
33.875	70.0616
33.9	67.5107
33.925	63.9518
33.95	63.0818
33.975	63.5516
34	66.9658
34.025	70.116
34.05	72.246
34.075	72.1799
34.1	70.4425
34.125	68.3977
34.15	66.57
34.175	67.9625
34.2	70.3734
34.225	74.0151
34.25	76.2559
34.275	78.2443
34.3	77.4499
34.325	75.5985
34.35	75.4837
34.375	76.963
34.4	78.5581
34.425	80.2981
34.45	84.0082
34.475	85.6684
34.5	86.1586
34.525	86.4535
34.55	86.0146
34.575	85.6442
34.6	86.2538
34.625	90.7796
34.65	94.2541
34.675	96.1792
34.7	96.94
34.725	98.2291
34.75	96.8658
34.775	95.9301
34.8	98.482
34.825	102.6318
34.85	104.6874
34.875	106.9313
34.9	109.3321
34.925	109.0701
34.95	105.6321
34.975	102.6336
35	101.1595
35.025	98.5161
35.05	98.3582
35.075	100.1168
35.1	103.4386
35.125	104.138
35.15	105.7919
35.175	106.9561
35.2	108.0091
35.225	108.0014
35.25	105.7704
35.275	102.3888
35.3	99.4944
35.325	96.2566
35.35	94.4198
35.375	94.521
35.4	97.1367
35.425	96.851
35.45	96.8709
35.475	97.5789
35.5	99.5293
35.525	99.3531
35.55	100.568
35.575	102.0054
35.6	102.6593
35.625	101.6416
35.65	102.6791
35.675	103.5879
35.7	105.0701
35.725	104.8207
35.75	105.6371
35.775	105.2016
35.8	106.0935
35.825	105.7301
35.85	106.1078
35.875	107.0365
35.9	108.0802
35.925	109.3071
35.95	109.4757
35.975	110.33
36	110.3058
36.025	111.7953
36.05	112.4236
36.075	111.2775
36.1	106.7969
36.125	102.5957
36.15	100.9481
36.175	101.4954
36.2	105.7868
36.225	112.666
36.25	118.565
36.275	118.8773
36.3	115.0482
36.325	108.4918
36.35	100.1094
36.375	89.6263
36.4	81.5694
36.425	75.4132
36.45	74.2097
36.475	72.831
36.5	73.5028
36.525	72.4241
36.55	73.6405
36.575	72.5015
36.6	72.7754
36.625	71.7028
36.65	71.0114
36.675	67.8704
36.7	62.4348
36.725	59.6983
36.75	58.7562
36.775	62.363
36.8	64.7633
36.825	68.2234
36.85	69.7188
36.875	71.3975
36.9	69.2598
36.925	65.603
36.95	61.6345
36.975	58.1389
37	55.2049
37.025	52.6029
37.05	52.131
37.075	51.856
37.1	50.498
37.125	50.2149
37.15	50.8693
37.175	53.7872
37.2	56.549
37.225	59.0901
37.25	59.2605
37.275	59.9181
37.3	60.4642
37.325	63.0391
37.35	63.7398
37.375	64.4932
37.4	62.7266
37.425	60.8211
37.45	59.5488
37.475	60.2321
37.5	61.177
37.525	63.8184
37.55	67.0085
37.575	68.1307
37.6	67.968
37.625	68.3886
37.65	71.4023
37.675	72.6307
37.7	74.6716
37.725	76.0771
37.75	78.6303
37.775	77.8863
37.8	77.4069
37.825	75.5305
37.85	75.0053
37.875	74.9473
37.9	75.9697
37.925	76.8622
37.95	77.4519
37.975	79.1914
38	79.9759
38.025	79.2168
38.05	77.8142
38.075	76.6061
38.1	76.992
38.125	77.6392
38.15	78.0717
38.175	79.0617
38.2	78.6753
38.225	79.5217
38.25	77.9984
38.275	78.1416
38.3	79.5608
38.325	85.1994
38.35	89.4331
38.375	93.4369
38.4	96.0502
38.425	96.4532
38.45	95.0895
38.475	91.9204
38.5	90.4258
38.525	88.5973
38.55	86.9447
38.575	85.193
38.6	83.3832
38.625	81.5583
38.65	80.5721