HOLE:	M0065A
EXPEDITION:	347
TOP:	0
BOTTOM:	43.475
DEPTH_WSF    	SMTU       
m	lb
0	296.7775
0.025	296.7762
0.05	296.7712
0.075	296.7462
0.1	296.4537
0.125	296.345
0.15	295.5963
0.175	294.8763
0.2	294.8625
0.225	294.435
0.25	293.9037
0.275	293.735
0.3	292.7087
0.325	292.7175
0.35	292.7313
0.375	292.5688
0.4	292.4413
0.425	292.58
0.45	292.1313
0.475	292.75
0.5	292.7412
0.525	292.7387
0.55	292.73
0.575	292.7288
0.6	292.125
0.625	291.7888
0.65	291.7925
0.675	291.7662
0.7	292.4088
0.725	293.4962
0.75	292.9813
0.775	293.45
0.8	293.9113
0.825	295.1225
0.85	295.845
0.875	295.8375
0.9	295.8612
0.925	296.78
0.95	296.7275
0.975	295.845
1	295.1462
1.025	295.8325
1.05	295.8525
1.075	295.855
1.1	295.8588
1.125	295.6162
1.15	294.8737
1.175	294.865
1.2	294.8725
1.225	294.875
1.25	294.87
1.275	294.8737
1.3	294.29
1.325	294.5575
1.35	294.8412
1.375	294.8412
1.4	293.9088
1.425	293.9125
1.45	293.81
1.475	292.72
1.5	293.8325
1.525	293.8725
1.55	293.8825
1.575	293.8975
1.6	293.8825
1.625	294.6575
1.65	295.4513
1.675	295.8825
1.7	297.4612
1.725	296.95
1.75	297.705
1.775	297.7375
1.8	297.7213
1.825	297.325
1.85	297.73
1.875	297.73
1.9	297.7362
1.925	297.7325
1.95	297.71
1.975	297.7362
2	297.735
2.025	297.89
2.05	298.9788
2.075	297.9413
2.1	298.9463
2.125	298.9575
2.15	298.9612
2.175	298.955
2.2	298.5975
2.225	298.5975
2.25	297.7425
2.275	297.735
2.3	296.7638
2.325	295.87
2.35	295.0925
2.375	294.8737
2.4	294.5688
2.425	293.9075
2.45	293.8987
2.475	293.9025
2.5	293.9037
2.525	293.8962
2.55	293.8975
2.575	293.8912
2.6	293.8687
2.625	292.7412
2.65	292.7275
2.675	292.7238
2.7	293.1
2.725	293.8825
2.75	293.885
2.775	293.8775
2.8	293.89
2.825	293.9213
2.85	294.2787
2.875	294.86
2.9	295.8513
2.925	295.9463
2.95	296.46
2.975	296.46
3	296.1475
3.025	296.7425
3.05	296.7575
3.075	296.745
3.1	297.7275
3.125	297.8737
3.15	298.97
3.175	298.9587
3.2	297.7338
3.225	297.7412
3.25	297.7638
3.275	297.7638
3.3	298.9375
3.325	298.9625
3.35	298.9537
3.375	298.7238
3.4	297.715
3.425	297.715
3.45	298.2362
3.475	298.9688
3.5	299.3875
3.525	299.93
3.55	299.0713
3.575	299.9287
3.6	299.9225
3.625	299.925
3.65	299.925
3.675	299.925
3.7	300.0375
3.725	300.8737
3.75	300.8588
3.775	300.8575
3.8	301.375
3.825	301.82
3.85	301.3838
3.875	301.8275
3.9	301.8287
3.925	301.835
3.95	302.315
3.975	302.315
4	302.8075
4.025	303.3138
4.05	304.0237
4.075	304.0025
4.1	304.0212
4.125	304.0413
4.15	304.0363
4.175	304.4725
4.2	304.9475
4.225	304.1363
4.25	304.4587
4.275	304.135
4.3	304.0262
4.325	304.0125
4.35	304.0175
4.375	303.95
4.4	302.795
4.425	303.2875
4.45	303.2875
4.475	302.7987
4.5	302.8075
4.525	302.8138
4.55	302.5287
4.575	301.825
4.6	301.825
4.625	301.8287
4.65	301.7925
4.675	300.8575
4.7	300.85
4.725	300.8513
4.75	300.855
4.775	299.9088
4.8	299.9337
4.825	299.9237
4.85	299.91
4.875	299.9362
4.9	299.8763
4.925	299.5688
4.95	299.9262
4.975	299.92
5	300.74
5.025	300.8513
5.05	300.455
5.075	299.9488
5.1	299.9587
5.125	299.36
5.15	299.7137
5.175	299.3612
5.2	298.9825
5.225	298.98
5.25	298.9775
5.275	298.9725
5.3	299.3375
5.325	299.625
5.35	299.935
5.375	299.9375
5.4	299.9375
5.425	299.95
5.45	299.9362
5.475	300.86
5.5	300.8863
5.525	300.8588
5.55	300.8588
5.575	300.8662
5.6	300.8825
5.625	300.8763
5.65	300.8737
5.675	300.8813
5.7	300.8875
5.725	300.8813
5.75	300.8737
5.775	300.87
5.8	300.8863
5.825	301.4237
5.85	301.895
5.875	302.8125
5.9	302.8087
5.925	303.4188
5.95	304.4125
5.975	304.0187
6	304.84
6.025	305.4125
6.05	305.4813
6.075	305.19
6.1	305.1325
6.125	304.9713
6.15	304.4262
6.175	304.9675
6.2	304.62
6.225	304.9763
6.25	304.9725
6.275	304.9775
6.3	304.9413
6.325	304.9413
6.35	305.4
6.375	304.9675
6.4	304.945
6.425	304.9413
6.45	304.9475
6.475	304.0175
6.5	304.0363
6.525	304.0325
6.55	304.0088
6.575	302.83
6.6	302.8087
6.625	302.6487
6.65	301.845
6.675	301.8375
6.7	301.5225
6.725	300.8825
6.75	300.88
6.775	300.8687
6.8	300.8888
6.825	300.8888
6.85	300.8763
6.875	300.8763
6.9	300.8925
6.925	300.8662
6.95	300.85
6.975	300.8737
7	301.2112
7.025	301.8488
7.05	301.6013
7.075	301.9413
7.1	302.4788
7.125	301.8375
7.15	302.8175
7.175	302.8325
7.2	303.76
7.225	304.0013
7.25	304.3412
7.275	304.9488
7.3	305.7462
7.325	305.925
7.35	306.88
7.375	306.89
7.4	307.6162
7.425	308.875
7.45	310.42
7.475	311.1625
7.5	311.8937
7.525	311.8863
7.55	311.9063
7.575	311.8925
7.6	312.6913
7.625	312.8225
7.65	312.8012
7.675	312.8
7.7	312.6762
7.725	311.895
7.75	311.415
7.775	310.9475
7.8	311.8538
7.825	311.8838
7.85	311.8712
7.875	311.8675
7.9	310.9463
7.925	310.9675
7.95	310.9562
7.975	310.9413
8	311.4138
8.025	311.8563
8.05	310.9425
8.075	311.7538
8.1	311.8825
8.125	312.6
8.15	313.1338
8.175	314.0313
8.2	314.0313
8.225	314.8463
8.25	314.6187
8.275	314.9925
8.3	314.9813
8.325	314.9838
8.35	314.9838
8.375	314.9925
8.4	314.995
8.425	314.1013
8.45	314.0512
8.475	314.07
8.5	314.0587
8.525	314.575
8.55	315.0125
8.575	314.075
8.6	314.51
8.625	314.9962
8.65	315.0075
8.675	315.0013
8.7	314.9813
8.725	315.8975
8.75	315.9287
8.775	315.3987
8.8	315.4225
8.825	314.3575
8.85	314.0275
8.875	314.0413
8.9	313.5225
8.925	312.7925
8.95	312.8112
8.975	312.545
9	311.8087
9.025	310.965
9.05	311.4587
9.075	311.9075
9.1	311.3875
9.125	311.2638
9.15	311.8987
9.175	311.9188
9.2	312.4225
9.225	312.8175
9.25	312.7938
9.275	313.285
9.3	314.0612
9.325	314.7863
9.35	315.0088
9.375	314.9962
9.4	315.1487
9.425	315.9562
9.45	315.3225
9.475	315.02
9.5	315.005
9.525	315.7338
9.55	315.54
9.575	315.955
9.6	315.6638
9.625	314.9987
9.65	314.99
9.675	314.7675
9.7	314.3287
9.725	314.905
9.75	315.6363
9.775	315.95
9.8	316.9075
9.825	317.3488
9.85	318.69
9.875	319.8775
9.9	321.2863
9.925	322.0463
9.95	322.9463
9.975	322.9138
10	323.2925
10.025	322.9213
10.05	322.9225
10.075	322.9138
10.1	322.9312
10.125	322.9413
10.15	323.3012
10.175	322.91
10.2	322.5713
10.225	322.705
10.25	321.9675
10.275	321.97
10.3	322.9287
10.325	322.0262
10.35	322.6837
10.375	321.9662
10.4	321.9513
10.425	321.6075
10.45	321.9587
10.475	321.9738
10.5	321.9688
10.525	321.9875
10.55	321.9662
10.575	321.9625
10.6	321.9675
10.625	321.9612
10.65	321.9725
10.675	321.285
10.7	320.9425
10.725	320.7062
10.75	319.95
10.775	319.0875
10.8	318.4887
10.825	317.195
10.85	316.0338
10.875	315.2987
10.9	315.0038
10.925	314.6563
10.95	314.2075
10.975	314.0725
11	314.8687
11.025	314.6237
11.05	315.5125
11.075	315.9362
11.1	315.9425
11.125	316.5688
11.15	316.8888
11.175	317.8975
11.2	318.1125
11.225	319.0787
11.25	319.085
11.275	319.7
11.3	319.28
11.325	319.3287
11.35	318.6537
11.375	319.0612
11.4	319.8612
11.425	319.97
11.45	320.7425
11.475	320.9337
11.5	320.9388
11.525	320.9537
11.55	320.92
11.575	321.8863
11.6	322.9213
11.625	323.4775
11.65	323.8312
11.675	323.8312
11.7	324.4463
11.725	325.2775
11.75	326.0425
11.775	326.6688
11.8	326.9763
11.825	326.9875
11.85	326.9788
11.875	326.0325
11.9	326.005
11.925	326.005
11.95	326.01
11.975	326.0113
12	325.8813
12.025	325.0325
12.05	325.0212
12.075	325.015
12.1	325.0113
12.125	325.0063
12.15	325.0325
12.175	325.0325
12.2	325.0187
12.225	324.0975
12.25	323.8213
12.275	323.8362
12.3	323.8337
12.325	323.4925
12.35	323.84
12.375	324.2175
12.4	325.1812
12.425	325.7313
12.45	325.0287
12.475	324.5938
12.5	324.5938
12.525	323.8312
12.55	323.8575
12.575	323.8525
12.6	323.8538
12.625	324.3325
12.65	323.81
12.675	323.8275
12.7	323.8175
12.725	323.8175
12.75	323.8312
12.775	323.845
12.8	323.8387
12.825	324.22
12.85	325.035
12.875	325.0063
12.9	325.155
12.925	326.0262
12.95	325.1625
12.975	325.0525
13	324.9612
13.025	323.8263
13.05	323.8575
13.075	323.6063
13.1	322.9075
13.125	321.82
13.15	320.9125
13.175	319.9813
13.2	319.5938
13.225	319.06
13.25	319.065
13.275	318.315
13.3	317.88
13.325	317.8962
13.35	317.8875
13.375	318.1475
13.4	318.1412
13.425	318.1412
13.45	319.0725
13.475	318.4375
13.5	317.9225
13.525	318.3488
13.55	317.9012
13.575	318.3775
13.6	317.8987
13.625	317.9875
13.65	319.0612
13.675	319.085
13.7	319.0875
13.725	319.0862
13.75	319.085
13.775	319.0938
13.8	319.0938
13.825	320.0162
13.85	320.5688
13.875	321.1225
13.9	321.9875
13.925	321.9725
13.95	322.2538
13.975	323.375
14	323.8375
14.025	324.5512
14.05	326.0237
14.075	325.6137
14.1	325.6375
14.125	325.9862
14.15	325.0425
14.175	325.8525
14.2	326.0425
14.225	326.0837
14.25	326.9713
14.275	327.7863
14.3	328.51
14.325	330.4262
14.35	331.2538
14.375	332.3788
14.4	333.5988
14.425	334.9937
14.45	336.3662
14.475	337.63
14.5	337.63
14.525	338.9813
14.55	339.7225
14.575	340.195
14.6	340.465
14.625	341.1162
14.65	342.2925
14.675	343.0325
14.7	343.995
14.725	344.0075
14.75	344.0138
14.775	343.9775
14.8	345.0625
14.825	346.47
14.85	347.32
14.875	348.4962
14.9	348.4962
14.925	349.4
14.95	350.2375
14.975	350.3025
15	351.17
15.025	351.1725
15.05	351.1787
15.075	351.17
15.1	350.96
15.125	350.27
15.15	349.5187
15.175	348.9763
15.2	348.065
15.225	348.8163
15.25	349.0612
15.275	349.0738
15.3	349.0562
15.325	349.0512
15.35	349.0663
15.375	349.06
15.4	349.0688
15.425	349.0675
15.45	348.7238
15.475	348.635
15.5	349.0487
15.525	349.0525
15.55	349.0638
15.575	349.0525
15.6	350.2225
15.625	350.2213
15.65	351.7675
15.675	353.0125
15.7	354.0625
15.725	354.5313
15.75	355.1913
15.775	355.2013
15.8	356.1
15.825	356.1
15.85	357.2362
15.875	358.055
15.9	358.075
15.925	358.0825
15.95	358.5713
15.975	359.375
16	360.6925
16.025	361.5088
16.05	362.7238
16.075	364.3175
16.1	365.7075
16.125	366.2787
16.15	366.8112
16.175	366.8763
16.2	366.2712
16.225	366.2712
16.25	367.7863
16.275	369.02
16.3	369.7075
16.325	369.7075
16.35	370.2963
16.375	371.3312
16.4	372.1938
16.425	372.2613
16.45	373.1525
16.475	373.18
16.5	372.2538
16.525	372.2437
16.55	372.225
16.575	372.6963
16.6	373.7575
16.625	374.2175
16.65	375.08
16.675	376.4287
16.7	377.2338
16.725	377.7625
16.75	378.9562
16.775	378.9562
16.8	380.1288
16.825	380.1375
16.85	380.5963
16.875	381.2938
16.9	381.2888
16.925	381.8112
16.95	382.6688
16.975	383.25
17	383.25
17.025	383.2687
17.05	383.2588
17.075	383.2575
17.1	382.4925
17.125	381.2725
17.15	380.3062
17.175	379.02
17.2	378.2112
17.225	378.205
17.25	377.4763
17.275	376.67
17.3	376.4063
17.325	376.9025
17.35	377.2613
17.375	377.265
17.4	377.275
17.425	377.275
17.45	377.275
17.475	377.0413
17.5	376.3375
17.525	376.335
17.55	376.345
17.575	376.3337
17.6	376.3488
17.625	375.0837
17.65	375.085
17.675	375.0713
17.7	375.09
17.725	374.15
17.75	373.3275
17.775	372.8788
17.8	372.2538
17.825	371.5438
17.85	370.6063
17.875	369.7513
17.9	369.2213
17.925	367.45
17.95	366.6512
17.975	365.8387
18	365.0738
18.025	364.69
18.05	363.9287
18.075	363.9287
18.1	362.1963
18.125	361.745
18.15	361.2288
18.175	360.2275
18.2	360.0212
18.225	359.0125
18.25	357.3463
18.275	360.3012
18.3	378.3912
18.325	380.4175
18.35	382.0738
18.375	383.4213
18.4	384.5413
18.425	385.8588
18.45	387.1888
18.475	387.8438
18.5	389.6162
18.525	391.16
18.55	392.8087
18.575	393.9037
18.6	395.8213
18.625	398.1412
18.65	399.29
18.675	400.3225
18.7	401.2825
18.725	402.1462
18.75	402.4813
18.775	402.4987
18.8	403.365
18.825	403.4213
18.85	403.575
18.875	403.8087
18.9	403.47
18.925	403.4438
18.95	403.935
18.975	404.3188
19	404.85
19.025	405.2575
19.05	405.5063
19.075	405.5063
19.1	406.2725
19.125	405.5125
19.15	405.5125
19.175	405.305
19.2	406.255
19.225	406.2662
19.25	406.2762
19.275	406.2938
19.3	406.2938
19.325	405.2687
19.35	405.2513
19.375	405.7125
19.4	406.26
19.425	406.765
19.45	407.1787
19.475	406.2687
19.5	406.2575
19.525	406.2588
19.55	406.2762
19.575	406.2712
19.6	407.3937
19.625	406.8625
19.65	406.26
19.675	406.2775
19.7	406.26
19.725	406.2675
19.75	406.2575
19.775	405.2737
19.8	404.48
19.825	403.8025
19.85	403.4325
19.875	402.2225
19.9	400.1313
19.925	398.42
19.95	397.735
19.975	396.6888
20	395.4513
20.025	395.4513
20.05	392.1825
20.075	390.7225
20.1	389.0212
20.125	388.255
20.15	387.5038
20.175	386.63
20.2	386.3225
20.225	386.6275
20.25	387.2975
20.275	388.27
20.3	389.3525
20.325	390.1325
20.35	390.2675
20.375	392.0713
20.4	393.055
20.425	393.0663
20.45	393.2925
20.475	411.58
20.5	396.17
20.525	384.9337
20.55	385.135
20.575	385.115
20.6	384.765
20.625	384.3475
20.65	384.1725
20.675	384.2075
20.7	384.1925
20.725	384.195
20.75	384.1938
20.775	383.735
20.8	383.235
20.825	383.2288
20.85	383.2263
20.875	383.5825
20.9	383.6162
20.925	384.185
20.95	384.1837
20.975	384.4125
21	385.1038
21.025	385.1038
21.05	385.0875
21.075	386.0013
21.1	386.3175
21.125	386.9962
21.15	387.2662
21.175	388.0487
21.2	388.455
21.225	389.1938
21.25	389.3737
21.275	391.3112
21.3	392.62
21.325	393.3087
21.35	393.3087
21.375	395.32
21.4	396.1963
21.425	396.3112
21.45	397.3888
21.475	398.2938
21.5	398.4037
21.525	398.4337
21.55	399.6525
21.575	400.3
21.6	401.0425
21.625	401.2375
21.65	402.4813
21.675	403.5625
21.7	404.2987
21.725	404.2712
21.75	395.3838
21.775	383.595
21.8	382.44
21.825	382.44
21.85	379.685
21.875	378.9725
21.9	377.315
21.925	376.2813
21.95	375.32
21.975	374.0975
22	374.1212
22.025	374.12
22.05	374.12
22.075	374.0938
22.1	374.0975
22.125	374.1088
22.15	374.13
22.175	373.8125
22.2	373.5763
22.225	373.205
22.25	374.0463
22.275	374.1063
22.3	374.1137
22.325	374.0912
22.35	374.0925
22.375	374.4388
22.4	375.065
22.425	375.0675
22.45	375.0562
22.475	376.075
22.5	376.3037
22.525	377.0912
22.55	377.4275
22.575	378.2188
22.6	379.1913
22.625	380.0025
22.65	381.435
22.675	382.2238
22.7	382.2225
22.725	382.98
22.75	382.595
22.775	382.2025
22.8	382.2025
22.825	384.1237
22.85	385.37
22.875	386.3125
22.9	386.3
22.925	387.3125
22.95	387.3037
22.975	387.6787
23	388.2775
23.025	388.245
23.05	387.86
23.075	388.2737
23.1	388.2737
23.125	387.8838
23.15	387.2775
23.175	387.3687
23.2	387.9012
23.225	387.8412
23.25	387.2925
23.275	387.3
23.3	387.2963
23.325	387.2938
23.35	387.0887
23.375	386.295
23.4	385.875
23.425	385.105
23.45	385.0938
23.475	385.1025
23.5	385.3588
23.525	387.1713
23.55	387.1713
23.575	389.005
23.6	389.1462
23.625	391.5725
23.65	392.8525
23.675	394.435
23.7	395.3525
23.725	397.8025
23.75	398.3962
23.775	399.2213
23.8	400.1187
23.825	402.2188
23.85	403.6125
23.875	404.3312
23.9	405.2313
23.925	405.9575
23.95	407.5988
23.975	408.7275
24	409.265
24.025	411.62
24.05	413.1613
24.075	414.395
24.1	415.5038
24.125	416.645
24.15	418.2725
24.175	419.3662
24.2	419.375
24.225	419.39
24.25	419.3675
24.275	419.3588
24.3	420.2762
24.325	420.3263
24.35	420.3112
24.375	419.9788
24.4	419.1288
24.425	418.125
24.45	417.4713
24.475	416.5862
24.5	417.42
24.525	417.475
24.55	418.0113
24.575	419.1075
24.6	420.7288
24.625	421.06
24.65	420.8213
24.675	420.33
24.7	420.4575
24.725	421.3475
24.75	422.4562
24.775	423.165
24.8	423.9912
24.825	425.6325
24.85	427.7513
24.875	428.9262
24.9	431.0013
24.925	431.7875
24.95	432.5938
24.975	433.8513
25	435.035
25.025	436.535
25.05	437.6263
25.075	437.6263
25.1	438.4312
25.125	438.2625
25.15	437.6525
25.175	438.5925
25.2	437.6125
25.225	438.5887
25.25	437.4912
25.275	436.7112
25.3	435.8513
25.325	435.4525
25.35	434.58
25.375	434.365
25.4	433.345
25.425	451.6787
25.45	455.285
25.475	456.5287
25.5	458.455
25.525	460.51
25.55	461.6862
25.575	463.195
25.6	464.155
25.625	465.4
25.65	465.7362
25.675	466.535
25.7	467.6388
25.725	468.96
25.75	470.7238
25.775	471.5562
25.8	471.5875
25.825	470.765
25.85	470.5487
25.875	470.5512
25.9	471.0388
25.925	470.5125
25.95	469.5988
25.975	468.955
26	468.1112
26.025	467.6512
26.05	450.265
26.075	441.6388
26.1	439.8612
26.125	438.1063
26.15	436.6837
26.175	435.4725
26.2	433.5187
26.225	432.4
26.25	432.4012
26.275	432.415
26.3	424.0038
26.325	409.7725
26.35	408.2963
26.375	407.4188
26.4	404.9675
26.425	403.8662
26.45	403.1462
26.475	403.1462
26.5	401.29
26.525	401.285
26.55	400.9738
26.575	400.3225
26.6	400.3213
26.625	400.32
26.65	400.3175
26.675	401.2412
26.7	401.285
26.725	401.2825
26.75	401.7362
26.775	402.6187
26.8	403.43
26.825	403.9037
26.85	404.3025
26.875	404.8225
26.9	405.2462
26.925	405.2462
26.95	405.2462
26.975	406.4875
27	407.4513
27.025	407.68
27.05	407.9188
27.075	408.3788
27.1	408.3538
27.125	408.3637
27.15	408.3763
27.175	408.395
27.2	408.3863
27.225	407.7162
27.25	407.4425
27.275	406.6688
27.3	405.8037
27.325	405.0063
27.35	405.0063
27.375	404.275
27.4	403.87
27.425	403.87
27.45	402.685
27.475	401.2662
27.5	401.29
27.525	401.2725
27.55	401.29
27.575	400.6
27.6	400.3225
27.625	400.295
27.65	400.3112
27.675	400.3138
27.7	400.3337
27.725	399.9813
27.75	399.41
27.775	399.4125
27.8	399.2675
27.825	399.2675
27.85	398.4525
27.875	398.4188
27.9	397.86
27.925	397.395
27.95	397.395
27.975	397.3912
28	397.5237
28.025	398.4225
28.05	398.4425
28.075	398.7825
28.1	399.3962
28.125	399.375
28.15	400.25
28.175	400.315
28.2	400.315
28.225	400.3225
28.25	401.2538
28.275	401.2613
28.3	401.2762
28.325	401.2737
28.35	401.2925
28.375	401.29
28.4	401.2725
28.425	400.8588
28.45	400.3125
28.475	400.7625
28.5	401.31
28.525	402.305
28.55	403.16
28.575	403.4237
28.6	403.4388
28.625	403.4388
28.65	404.0175
28.675	404.3737
28.7	405.2538
28.725	405.2662
28.75	405.26
28.775	405.2638
28.8	405.2487
28.825	405.2613
28.85	404.6663
28.875	403.9463
28.9	403.4413
28.925	403.45
28.95	402.48
28.975	401.4975
29	400.685
29.025	400.0038
29.05	398.425
29.075	396.8875
29.1	396.215
29.125	396.2375
29.15	395.6288
29.175	395.5787
29.2	395.2737
29.225	395.2437
29.25	395.0375
29.275	395.0575
29.3	395.2538
29.325	395.2687
29.35	394.2888
29.375	393.885
29.4	393.2913
29.425	393.2775
29.45	393.3062
29.475	392.9213
29.5	392.3538
29.525	392.3575
29.55	392.1187
29.575	391.39
29.6	391.3825
29.625	391.4012
29.65	390.1425
29.675	390.1588
29.7	390.0013
29.725	389.2025
29.75	389.1913
29.775	388.835
29.8	388.0925
29.825	387.2913
29.85	386.3563
29.875	385.4225
29.9	384.2075
29.925	383.625
29.95	383.26
29.975	382.5375
30	382.26
30.025	381.7263
30.05	381.2863
30.075	381.2838
30.1	380.2387
30.125	380.13
30.15	379.6938
30.175	379.2087
30.2	379.2112
30.225	379.1988
30.25	377.345
30.275	377.29
30.3	376.4875
30.325	375.8463
30.35	374.6187
30.375	373.47
30.4	372.6525
30.425	372.2813
30.45	371.55
30.475	370.6862
30.5	369.415
30.525	368.9962
30.55	367.8062
30.575	366.9612
30.6	366.14
30.625	365.1038
30.65	364.7475
30.675	364.2675
30.7	364.1363
30.725	364.6762
30.75	365.0912
30.775	365.0887
30.8	365.1137
30.825	365.0862
30.85	365.2913
30.875	366.2563
30.9	366.3213
30.925	367.2813
30.95	368.2275
30.975	368.22
31	368.225
31.025	368.215
31.05	368.2162
31.075	368.8675
31.1	369.195
31.125	369.5063
31.15	370.1162
31.175	370.1112
31.2	371.2412
31.225	371.765
31.25	372.2588
31.275	373.1462
31.3	373.5862
31.325	374.1263
31.35	374.5787
31.375	375.0763
31.4	376.1775
31.425	376.3312
31.45	376.3075
31.475	376.3138
31.5	376.3213
31.525	376.355
31.55	377.0262
31.575	376.3538
31.6	375.83
31.625	375.6988
31.65	375.09
31.675	374.1913
31.7	373.4287
31.725	373.2213
31.75	373.22
31.775	372.25
31.8	372.2425
31.825	371.6137
31.85	370.2238
31.875	369.7525
31.9	368.5887
31.925	368.1063
31.95	367.2275
31.975	366.7238
32	366.2725
32.025	365.1663
32.05	365.105
32.075	364.1437
32.1	364.1437
32.125	364.1675
32.15	364.1563
32.175	364.1363
32.2	363.245
32.225	363.1363
32.25	363.13
32.275	362.1563
32.3	361.2338
32.325	361.115
32.35	360.0487
32.375	359.9113
32.4	359.0463
32.425	359.035
32.45	358.6263
32.475	358.0837
32.5	357.595
32.525	356.5025
32.55	355.2175
32.575	355.2325
32.6	354.0837
32.625	353.4025
32.65	352.4188
32.675	352.1375
32.7	351.43
32.725	351.1775
32.75	350.4475
32.775	350.0125
32.8	350.0125
32.825	349.0487
32.85	347.6375
32.875	347.1313
32.9	347.2375
32.925	348.065
32.95	347.13
32.975	347.14
33	346.2013
33.025	345.3987
33.05	345.2613
33.075	344.5963
33.1	344
33.125	344.01
33.15	344.0075
33.175	344.8025
33.2	345.715
33.225	345.5075
33.25	346.1837
33.275	346.1913
33.3	346.2062
33.325	347.1375
33.35	347.1338
33.375	347.4975
33.4	348.1038
33.425	347.325
33.45	347.1425
33.475	347.155
33.5	346.8
33.525	347.1375
33.55	347.1525
33.575	346.21
33.6	346.2213
33.625	345.2513
33.65	344.6375
33.675	343.3937
33.7	343.0787
33.725	343.0775
33.75	343.0612
33.775	343.0763
33.8	343.0862
33.825	343.0837
33.85	343.0675
33.875	343.0512
33.9	343.045
33.925	343.0562
33.95	343.0738
33.975	343.0738
34	343.0475
34.025	343.0713
34.05	343.0663
34.075	343.0775
34.1	343.1675
34.125	343.0512
34.15	343.0738
34.175	343.0425
34.2	343.0525
34.225	342.6412
34.25	342.0925
34.275	342.1038
34.3	342.0862
34.325	342.0812
34.35	342.0975
34.375	342.1112
34.4	342.1
34.425	342.0988
34.45	342.0938
34.475	342.1125
34.5	341.8538
34.525	341.165
34.55	341.0388
34.575	340.2125
34.6	339.7563
34.625	339.2975
34.65	340.2188
34.675	339.3625
34.7	338.5125
34.725	338.085
34.75	337.1625
34.775	337.1088
34.8	337.12
34.825	337.1075
34.85	337.025
34.875	336.085
34.9	336.0988
34.925	336.0763
34.95	336.0825
34.975	336.0738
35	335.7737
35.025	335.2687
35.05	335.735
35.075	336.0688
35.1	336.0688
35.125	336.1088
35.15	337.005
35.175	337.11
35.2	337.1063
35.225	337.3725
35.25	338.1088
35.275	338.4513
35.3	339.0225
35.325	339.0138
35.35	339.8563
35.375	341.0912
35.4	341.1688
35.425	342.0825
35.45	342.9012
35.475	344.005
35.5	344.5925
35.525	345.2387
35.55	345.7013
35.575	346.4237
35.6	347.1237
35.625	347.1212
35.65	347.2787
35.675	348.0587
35.7	348.0663
35.725	348.085
35.75	348.0625
35.775	348.0725
35.8	348.08
35.825	348.0725
35.85	348.0713
35.875	348.3037
35.9	348.2575
35.925	348.08
35.95	348.0688
35.975	348.0763
36	348.0763
36.025	348.075
36.05	348.08
36.075	348.065
36.1	347.5988
36.125	347.9962
36.15	348.0675
36.175	347.7037
36.2	348.07
36.225	347.135
36.25	347.11
36.275	347.1212
36.3	346.6288
36.325	346.685
36.35	346.1988
36.375	346.2437
36.4	346.465
36.425	346.215
36.45	345.4
36.475	345.2588
36.5	345.2513
36.525	345.2487
36.55	345.2425
36.575	345.0013
36.6	344.0338
36.625	344.0125
36.65	344.1325
36.675	345.2475
36.7	345.7775
36.725	345.9337
36.75	345.7675
36.775	346.205
36.8	346.3087
36.825	347.9025
36.85	348.6375
36.875	348.6375
36.9	349.0787
36.925	349.0675
36.95	349.0763
36.975	349.0688
37	349.0763
37.025	349.065
37.05	349.085
37.075	349.0625
37.1	348.6275
37.125	348.0688
37.15	348.0688
37.175	349.0938
37.2	348.2987
37.225	348.0925
37.25	348.0738
37.275	348.0925
37.3	348.0763
37.325	348.4912
37.35	348.06
37.375	348.7375
37.4	348.1487
37.425	348.0775
37.45	348.5875
37.475	349.0713
37.5	349.0562
37.525	349.0725
37.55	349.0775
37.575	348.9413
37.6	348.0537
37.625	348.38
37.65	348.0587
37.675	348.9987
37.7	349.065
37.725	348.7375
37.75	348.0675
37.775	349.0725
37.8	348.465
37.825	348.06
37.85	348.0587
37.875	348.065
37.9	348.06
37.925	348.0763
37.95	347.9312
37.975	347.1363
38	346.4362
38.025	346.1825
38.05	346.1988
38.075	346.1862
38.1	346.1588
38.125	346.1675
38.15	346.0525
38.175	344.8763
38.2	344.2238
38.225	344.2487
38.25	343.6388
38.275	343.6812
38.3	343.8287
38.325	343.0612
38.35	343.045
38.375	343.07
38.4	343.07
38.425	343.0663
38.45	343.0625
38.475	342.4425
38.5	342.1162
38.525	342.1063
38.55	341.1638
38.575	341.1663
38.6	340.5787
38.625	341.1675
38.65	342.1063
38.675	342.0963
38.7	342.1112
38.725	342.1125
38.75	342.1075
38.775	342.1137
38.8	342.915
38.825	342.7062
38.85	342.1175
38.875	341.5837
38.9	341.1425
38.925	339.9413
38.95	339.0013
38.975	338.9925
39	338.2288
39.025	338.0663
39.05	337.9962
39.075	337.1063
39.1	336.33
39.125	336.0688
39.15	336.09
39.175	336.09
39.2	335.5425
39.225	334.1125
39.25	333.9662
39.275	333.6125
39.3	332.95
39.325	332.925
39.35	332.8525
39.375	332.06
39.4	332.95
39.425	332.9525
39.45	332.945
39.475	332.955
39.5	333.5025
39.525	333.3513
39.55	333.3575
39.575	334.3387
39.6	335.125
39.625	335.1313
39.65	335.8575
39.675	336.8362
39.7	337.4575
39.725	338.0675
39.75	338.4738
39.775	339.0138
39.8	339.7412
39.825	341.1888
39.85	341.645
39.875	342.13
39.9	342.125
39.925	342.9713
39.95	343.0738
39.975	343.07
40	342.5175
40.025	341.1713
40.05	342.095
40.075	342.0988
40.1	342.1025
40.125	342.1288
40.15	341.3075
40.175	342.0063
40.2	341.1837
40.225	340.975
40.25	340.3625
40.275	340.2162
40.3	341.1263
40.325	341.165
40.35	341.175
40.375	341.1713
40.4	341.1737
40.425	341.1862
40.45	341.18
40.475	341.48
40.5	341.4037
40.525	341.1725
40.55	341.1875
40.575	341.1762
40.6	341.1588
40.625	340.8687
40.65	340.22
40.675	340.9925
40.7	341.1913
40.725	341.9362
40.75	341.7275
40.775	341.1837
40.8	342.1275
40.825	341.5612
40.85	342.1212
40.875	341.6825
40.9	341.6563
40.925	342.1325
40.95	342.32
40.975	343.0912
41	342.2712
41.025	342.4
41.05	343.0787
41.075	343.5088
41.1	344.0313
41.125	344.0162
41.15	344.0287
41.175	344.4763
41.2	344.655
41.225	344.715
41.25	344.0325
41.275	344.0475
41.3	344.05
41.325	344.0388
41.35	344.0338
41.375	344.9912
41.4	344.75
41.425	344.0275
41.45	344.0512
41.475	344.04
41.5	344.5175
41.525	345.2613
41.55	345.2712
41.575	345.2638
41.6	345.6812
41.625	346.22
41.65	346.2338
41.675	346.23
41.7	346.2225
41.725	346.4413
41.75	347.1638
41.775	347.7087
41.8	348.08
41.825	349.0287
41.85	349.1088
41.875	350.4838
41.9	351.7362
41.925	352.185
41.95	352.7525
41.975	353.425
42	354.7975
42.025	356.3912
42.05	357.1613
42.075	358.0725
42.1	358.1125
42.125	358.1325
42.15	358.7525
42.175	359.09
42.2	358.3075
42.225	358.1175
42.25	358.11
42.275	358.1237
42.3	358.5537
42.325	359.0925
42.35	359.445
42.375	360.0862
42.4	360.0825
42.425	361.5988
42.45	362.2238
42.475	362.5212
42.5	364.7313
42.525	366.29
42.55	366.9725
42.575	368.5075
42.6	370.25
42.625	372.48
42.65	374.5663
42.675	376.045
42.7	376.3563
42.725	377.2825
42.75	378.2338
42.775	378.2225
42.8	378.09
42.825	385.09
42.85	401.7625
42.875	403.725
42.9	422.4063
42.925	427.435
42.95	425.7888
42.975	420.1525
43	382.1825
43.025	368.0088
43.05	321.7375
43.075	280.6325
43.1	238.3188
43.125	206.4612
43.15	191.1875
43.175	189.5762
43.2	188.4337
43.225	186.8412
43.25	185.2487
43.275	183.7925
43.3	181.2225
43.325	178.9662
43.35	176.1362
43.375	174.265
43.4	171.395
43.425	168.9275
43.45	163.8013
43.475	160.77
